0.3985831 0.1574969 9.8215571 
0.2355038 -0.0724889 9.7506549 
0.1959704 -0.1568812 9.8255547 
0.2389560 0.0455676 9.9540789 
0.0229455 -0.0437955 9.8397519 
-0.3350967 -0.1493480 9.5841034 
-0.5547691 0.2496824 9.7588326 
-0.4822096 0.1271586 9.7500947 
-0.4178908 -0.1701067 9.6512389 
-0.4805817 -0.0042048 9.9111286 
-0.5249595 -0.0186532 9.9572746 
-0.5391219 0.0002358 9.9834037 
-0.5413665 0.0794569 9.8232192 
-0.5127501 -0.0626583 9.7016067 
0.0553667 -0.1692931 9.6743943 
0.5207682 0.0768264 9.7342144 
0.6541691 0.1890146 9.7951964 
0.6850917 -0.0301910 9.8482291 
0.6645427 -0.0316367 9.7988889 
0.6045128 0.1453948 9.8314524 
0.6211077 0.0266286 9.7761468 
0.6298498 0.1054068 9.7830119 
0.6138861 0.0583142 9.6849412 
0.6516511 -0.0276966 9.6250414 
0.7200019 0.0661062 9.8486239 
0.8172236 -0.0409200 9.8854330 
0.9497347 0.0169158 9.9195051 
1.0933826 0.1325748 9.8383691 
1.2306001 0.0300674 9.8042257 
1.2933553 -0.0371593 9.9567748 
1.3903284 0.1886850 9.6982595 
1.2672927 0.1969896 9.7347374 
1.2542985 -0.0461642 9.2661051 
1.2401065 0.3188646 9.7130042 
1.2157743 0.0476771 9.7027049 
1.1403631 -0.1293979 9.5511675 
0.9806863 0.0799137 9.6678378 
1.0084022 0.6122055 9.3917412 
0.9391532 0.3794131 9.9240342 
1.0194969 -0.1506248 10.6003896 
1.0946495 -0.2592531 10.2810260 
0.8219582 0.0566998 9.7968895 
0.6759746 0.3473846 9.9034327 
0.5690173 0.2371988 9.5248511 
0.4836566 0.0388886 9.6362865 
0.5228738 0.2794187 9.9148050 
0.3556872 0.0365004 10.0320284 
0.4288413 0.0990125 9.7004123 
0.2691452 -0.0608848 9.1498232 
0.2410190 -0.0759196 9.7310033 
0.3050235 -0.0170792 10.2419718 
0.2522585 -0.4107722 10.1181719 
0.2008811 -0.5215700 10.0313086 
0.0945346 -0.4695355 9.7365498 
0.1269872 0.0052622 9.6296552 
0.0628136 0.3582871 9.7122634 
0.0292245 -0.2085872 9.8393242 
0.0501886 -0.3274247 9.7218282 
0.0202762 -0.3047224 10.0442906 
0.0057782 -0.3409255 9.8808371 
-0.0419625 -0.4073001 9.7788223 
-0.0268499 -0.1859178 9.7962841 
0.0719628 -0.0023467 9.8353194 
-0.1519982 -0.0781569 9.9118129 
-0.6723921 0.1865101 9.8207843 
-1.3061093 0.1648811 9.7800265 
-1.4724027 -0.1904491 9.8376326 
-1.5553333 -0.2886264 9.7838799 
-1.6035925 -0.1818946 9.8377594 
-1.5865626 -0.3102567 9.8443705 
-1.5815601 -0.1063432 9.8317239 
-1.6967365 -0.1396659 9.4435819 
-1.8576962 0.3588484 10.0068747 
-1.8568622 0.0129430 10.0226873 
-1.8539436 -0.2289510 9.8254687 
-1.9778642 -0.1728353 9.7088970 
-2.1216774 0.1772166 9.9298391 
-2.0840784 0.0898406 9.8863305 
-1.6705593 -0.1111797 9.6171281 
-0.7066101 -0.0559337 9.6145347 
-0.1410619 -0.0861990 9.8073866 
0.1299195 -0.0758476 9.9024986 
0.1930908 0.0646844 9.9160633 
0.1831418 0.0480366 9.8367991 
0.1556288 0.0578793 9.8419783 
0.1778171 -0.0199701 9.8160712 
0.1402151 -0.0240922 9.8019706 
0.1631347 0.0099378 9.7779173 
0.2433905 0.0687020 9.7892719 
0.3256669 0.1470377 9.8101808 
0.4192719 0.0623597 9.8053603 
0.5196703 0.0366693 9.8060396 
0.6432995 0.0170109 9.7777674 
0.7784841 0.0888111 9.8441289 
0.9036415 0.0868950 9.8269704 
0.8829056 0.1401604 9.8959979 
0.9122758 0.1141381 9.8746234 
1.0326923 0.0690136 9.7811842 
1.0447852 0.1551060 9.8675519 
1.0265888 0.1926167 9.8825388 
1.0300784 0.2085305 9.8208268 
1.0423933 0.1089930 9.7910404 
1.0393527 0.1775044 9.8555142 
1.0867281 0.2247776 9.7976967 
1.1537158 0.1811497 9.7063914 
1.2829915 0.1598106 9.7952589 
1.3689250 0.0907817 9.8863510 
1.4323475 0.1166196 9.8584377 
1.3770884 0.0953434 9.8046438 
1.3836131 -0.2390873 9.7316885 
1.4180170 -0.1510354 9.6465932 
1.3219488 0.0793188 9.7943900 
1.2640308 0.1559263 10.0098863 
1.1471551 -0.0612528 9.9548064 
0.8155309 -0.2098484 10.0113319 
0.4776463 0.0320615 9.8217497 
0.2720519 -0.0031205 9.9211244 
0.1708906 -0.1742391 9.7130771 
0.2060811 0.1076066 9.4934684 
0.1991773 0.0362994 9.4078816 
0.2251784 -0.1166332 9.5392350 
0.2431843 -0.1530694 9.8356301 
0.2643880 0.0473723 9.8521829 
0.2136227 -0.0501148 10.0888286 
0.2116514 -0.1054374 9.9518650 
0.2137333 0.0610947 9.8788175 
0.0631550 -0.1829715 9.7132814 
-0.0316373 -0.1624915 9.6420277 
-0.1036967 -0.0287669 9.7741782 
-0.2699519 -0.0351101 9.8650381 
-0.1961774 -0.1830228 9.9463201 
-0.1982181 -0.1794160 9.8235655 
-0.1652968 -0.0896480 9.6386025 
-0.3110895 -0.1367862 9.8283496 
-0.2815177 -0.1129595 9.7273168 
-0.2108009 -0.0645390 9.9992109 
-0.2864564 -0.2174203 9.9222131 
-0.2834181 -0.1432535 9.8959910 
-0.2533193 -0.0092769 9.6362562 
-0.2242533 -0.1293371 9.6376172 
-0.1643760 -0.3868453 10.1332672 
-0.0859814 -0.0144767 9.9542531 
0.2206172 -0.0329817 9.6245757 
0.2673149 -0.1995790 9.7819739 
0.2042844 0.0990936 9.9278652 
0.1170514 0.2333728 9.7964373 
0.0823385 -0.0517008 9.6417459 
0.1402810 -0.2114432 9.6565629 
0.1495917 -0.1959646 9.7166735 
0.2211353 -0.1328127 9.9575057 
0.1892513 -0.2392342 10.0635347 
0.1561356 0.2152118 10.0742149 
0.0983992 0.1228825 9.9725341 
-0.1326553 -0.0534028 9.8252373 
-0.1851924 0.1149786 9.6807590 
-0.2653012 0.1218884 9.9817126 
-0.1623578 -0.0598855 9.3178695 
-0.2082646 -0.3838416 9.3767378 
-0.1646889 0.1343484 9.5963247 
-0.2171048 -0.1601160 9.3400510 
-0.0836133 0.2187626 10.2115218 
-0.0842195 0.2876471 10.3189977 
-0.1518210 -0.0594163 9.9182318 
-0.2320515 -0.1878815 9.4776154 
-0.2068546 -0.3230587 9.7329489 
-0.1626383 -0.1185291 9.8491462 
-0.1234972 0.1527728 9.8930203 
-0.1741948 -0.0716153 9.8415043 
-0.1962456 -0.1714086 9.7790123 
-0.1854364 -0.1163838 9.8359759 
-0.2359673 -0.0166371 9.9301564 
-0.2763937 -0.0825497 9.8829417 
-0.2835252 -0.0545257 9.7374274 
-0.2878405 -0.0411569 9.7211708 
-0.2893520 -0.0625229 9.8146915 
-0.3047079 -0.1207012 9.9177115 
-0.2836723 -0.1002434 9.9447718 
-0.3043244 0.0485384 9.8718355 
-0.3961945 0.1091908 9.9263242 
-0.4933087 0.0314399 9.8792884 
-0.5942588 0.0165359 9.7973365 
-0.6480808 0.0083217 9.7755498 
-0.5702241 -0.0364700 9.7596608 
-0.4257047 -0.0555459 9.8154860 
-0.3820293 0.0646107 9.7170641 
-0.3872102 0.0005304 9.6363184 
-0.3471568 -0.0119213 9.8704352 
-0.3105223 0.0916615 9.9517264 
-0.3107522 0.1748099 9.8935619 
-0.3526483 0.0933446 9.8140358 
-0.4378060 0.0305365 9.8112503 
-0.5058327 0.0317658 9.8395552 
-0.4329837 -0.0093274 9.8076912 
-0.3112202 -0.0116987 9.8637544 
-0.2463460 -0.0029117 9.9192487 
-0.2359907 -0.0457463 9.8747450 
-0.2086761 -0.0051643 9.7584311 
-0.1957654 0.1122997 9.6768573 
-0.1753968 0.1699625 9.7367846 
-0.1407927 0.1506552 9.7829536 
-0.1351882 0.0705798 9.8575281 
-0.1152657 0.0675323 9.8362886 
-0.1472747 0.0654301 9.7810415 
-0.1358842 0.0312307 9.6648194 
-0.0979972 0.1109262 9.6059622 
-0.0815804 0.1607881 9.7561054 
-0.0501462 0.0982238 9.8605768 
-0.0415050 0.0476548 9.9269448 
-0.0409902 0.0178299 9.8638892 
-0.0246318 0.0819441 9.7927163 
-0.0161300 0.0397182 9.7302049 
-0.0100880 0.0108671 9.7283274 
-0.0193045 -0.0444191 9.8047620 
-0.0392363 -0.0579698 9.9441360 
-0.0438486 0.0120860 9.9078087 
-0.0852133 0.1064819 9.8117297 
-0.0917230 0.0668146 9.7660192 
-0.0738176 0.0900855 9.7675895 
-0.0467434 0.0539186 9.7772112 
-0.0514810 -0.0030830 9.7802574 
-0.0018429 0.1042634 9.7668605 
-0.0049161 0.0265258 9.7786569 
-0.0133950 -0.0512357 9.8003069 
-0.0252685 0.0146983 9.8053998 
-0.0141325 0.0771448 9.8167557 
-0.0169071 0.0256172 9.8511518 
0.0185145 0.0834297 9.8757948 
0.0462220 0.0121053 9.8709506 
0.0048571 -0.0764920 9.8533329 
0.0362010 -0.0278270 9.7801614 
0.0388856 0.0517710 9.7567951 
-0.0359298 -0.0682702 9.6620543 
0.0062928 -0.1383956 9.7611075 
0.0173741 -0.0893202 9.9014126 
-0.0344343 -0.0807199 9.9113451 
-0.0862050 -0.0726827 9.8528691 
-0.0095922 -0.0953736 9.7849724 
0.0885810 -0.0762779 9.7606383 
0.0962410 -0.1961695 9.6963576 
0.0569680 -0.1601197 9.8707238 
0.0415853 0.0069741 9.7550095 
0.0239274 0.0323504 9.8428806 
-0.0328800 0.0048273 9.9871809 
-0.0395991 0.0196926 9.8692579 
0.0341882 0.0053948 9.8854600 
0.1035124 -0.0530122 9.9252597 
-0.1228402 -0.0898315 9.9613048 
-0.1777533 0.1121398 9.7339744 
-0.0574861 0.3918746 9.6725524 
-0.0561884 0.2319614 9.7103048 
-0.0121105 -0.0261325 9.8170810 
-0.0460106 0.2083896 9.8015465 
0.0251185 0.2782347 9.8042934 
0.1160799 0.0525185 9.8994344 
0.0195946 -0.2977953 9.9211097 
0.0772807 -0.2170617 9.6521451 
0.1484171 -0.0694561 9.5443913 
0.0236986 0.1094138 10.0565611 
0.1434285 0.3306539 10.1723596 
-0.0706967 0.0271655 9.7683506 
-0.0504973 -0.3292897 9.8008808 
0.1006252 -0.0950585 9.7413352 
0.0583519 0.4791223 9.7688610 
0.1983626 0.0716935 9.7327216 
0.1995043 -0.0429867 9.5351538 
0.0227490 -0.3532257 9.9898631 
0.1358669 0.2665806 9.6208881 
0.0962078 0.0717953 9.5895615 
0.0503482 0.0118284 9.8968456 
0.1500631 -0.1047308 9.7295192 
0.2229902 -0.2768958 10.3724903 
-0.0074041 -0.0293933 9.8533983 
-0.0478043 0.1536478 9.3952682 
0.1250617 0.0331490 9.5893233 
0.2949866 0.1250138 9.6335245 
0.2347337 0.2348440 9.5728664 
0.2076587 0.3305174 10.1356923 
0.3120728 0.0491360 9.6381806 
0.3154103 -0.3816887 10.3297873 
0.3527377 -0.5215125 10.2521006 
0.1927961 -0.0679709 9.4629801 
-0.0505038 0.3763748 9.5613152 
0.1960062 0.2173048 10.0602758 
-0.1339407 -0.3222663 9.1810997 
0.0104724 -0.1191182 9.4201340 
0.0352491 0.2681008 9.9487691 
-0.0982526 0.4490554 10.0676044 
-0.5265912 -0.0558803 9.7848517 
-0.7660612 -0.2197105 9.8967158 
-0.9503455 -0.1397501 9.3158701 
-0.9292996 -0.1307295 9.7707340 
-0.6670648 0.0320460 9.9764170 
-0.0040674 -0.0112384 9.6544809 
-0.0863357 -0.1175194 10.0054965 
-0.0486899 -0.1958107 10.0530581 
-0.0065118 0.0396161 9.4317123 
-0.1603870 0.3197513 9.8269009 
-0.1681597 0.0010064 9.7867450 
-0.1759324 -0.3177385 9.7465891 
-0.1476905 0.0116255 9.5122387 
-0.0831973 0.3372376 10.1459286 
-0.0840360 -0.1491674 9.4028084 
-0.0861941 0.0572892 9.8264348 
0.0066162 0.1886569 9.6731291 
-0.0378340 0.1151535 10.2505446 
-0.0056126 -0.0083043 10.1790844 
-0.2025681 0.1407755 9.9072943 
-0.8335634 0.3737430 9.7229012 
-1.7821735 -0.5138491 9.6688242 
-2.0077557 -0.1416208 9.7130442 
-1.8421220 0.1000616 9.9953516 
-1.3457662 0.0042318 9.7676438 
-1.0041080 0.0722396 9.5823903 
-0.8986678 0.0403360 9.6986863 
-0.9190165 -0.1906486 9.7602390 
-0.9381150 -0.1250580 9.8214181 
-0.9131311 0.0570676 9.8471096 
-0.9355205 -0.0305183 9.8526398 
-0.6816005 -0.0834949 9.7803732 
-0.4221426 -0.0080706 9.7955001 
-0.3420247 -0.0095051 9.8264124 
-0.2585990 -0.0649323 9.8197553 
-0.1905851 -0.0185110 9.7824174 
-0.0925763 0.0240066 9.7474307 
-0.0402921 -0.0489954 9.8030896 
-0.0435991 -0.0408237 9.8143189 
-0.0489060 -0.0147437 9.8339563 
-0.0359983 -0.0144253 9.8071628 
0.1683271 -0.0061003 9.7985926 
0.1954679 -0.0012135 9.8181772 
0.1389291 -0.0423217 9.8347550 
0.0191048 -0.0331178 9.7925517 
-0.0789550 -0.0459638 9.8096487 
-0.1434536 -0.0144161 9.7953902 
-0.1755740 -0.0242841 9.7997520 
-0.0473045 -0.0117609 9.8007166 
0.0686550 -0.0207032 9.8185569 
0.0635372 -0.0577308 9.8391724 
0.0061337 -0.0174751 9.8324173 
-0.0928002 -0.0424404 9.8179715 
-0.2050281 -0.0151935 9.8018731 
-0.1653262 -0.0133083 9.7709542 
-0.0030612 -0.0078308 9.7749254 
0.0690537 -0.0373397 9.8071047 
0.2654622 -0.0223425 9.8090147 
0.3491676 0.0051346 9.8236365 
0.3847592 -0.0586843 9.8175761 
0.3794942 -0.0414283 9.8007864 
0.3874187 -0.0225958 9.7846420 
0.3717223 -0.0524474 9.7793560 
0.3632335 -0.0282668 9.8105004 
0.3508615 -0.0148047 9.8088853 
0.3045799 -0.0453830 9.8101602 
0.3212437 -0.0625388 9.8222929 
0.3069707 -0.0647383 9.8316518 
0.3089990 -0.0674938 9.8001426 
0.3314234 -0.0727647 9.8451426 
0.4316111 -0.0661352 9.7620639 
0.5356069 -0.0371477 9.7510938 
0.6293356 -0.0416597 9.7992045 
0.6672538 -0.0740306 9.8046630 
0.6062969 -0.0894375 9.8224882 
0.5776266 0.0023206 9.8309008 
0.5410556 -0.0146845 9.7998116 
0.4352478 -0.0438594 9.8072900 
0.3743689 -0.0180676 9.8067428 
0.4577989 -0.0680707 9.7423289 
0.5282690 -0.1545536 9.8436686 
0.5146254 0.0737335 9.9108920 
0.5579233 0.0540063 9.8094644 
0.5572055 -0.0405537 9.7726266 
0.4899650 -0.0846894 9.8054766 
0.4965763 0.0208301 9.8279394 
0.4374449 -0.0065689 9.8444619 
0.4008852 -0.0154580 9.8492544 
0.3901986 -0.1297690 9.8403447 
0.3551304 -0.0307241 9.9150893 
0.4145992 0.1181769 9.7881719 
0.4336582 0.0904375 9.6789684 
0.3492602 0.1065339 9.7669048 
0.2174790 -0.0766089 9.7173306 
0.2913807 0.0157720 9.9407255 
0.2368135 -0.1240449 9.9290230 
0.1009738 -0.2488951 9.7587405 
-0.0067850 0.0271826 9.7887461 
0.0686209 -0.1664455 9.7218797 
0.0501030 -0.2576233 9.8258491 
0.0083058 -0.2102006 9.8732164 
-0.0408772 -0.1568327 9.8434958 
-0.0237889 -0.1879091 9.7015436 
-0.0098124 -0.0342197 9.6422170 
-0.0335840 -0.0552607 10.0192058 
-0.1020265 -0.2842923 10.0055453 
-0.0600449 -0.3082716 9.7450983 
0.0021529 -0.2254678 9.6052740 
-0.0797170 -0.0029612 9.7678335 
-0.0911550 0.1384280 9.8725688 
0.0036052 -0.0662919 9.6630968 
-0.0908668 -0.0064359 9.7181959 
-0.0843491 0.0186313 9.8659659 
-0.1905066 0.1590022 9.8819389 
-0.1722867 0.3828435 9.7092219 
-0.0614406 0.1702564 9.7445040 
-0.0654094 -0.0706615 9.8788791 
-0.1265086 0.0152225 9.9396370 
-0.0981730 0.3336439 9.8235411 
-0.1095406 0.5200514 9.8072772 
-0.0301457 0.4159470 9.9622146 
-0.0277336 -0.0719030 9.6588135 
0.1867355 0.0179865 9.5392633 
0.5293421 0.4115900 9.7643218 
0.8449946 0.5909856 9.8954965 
0.7714861 0.6651703 10.2676301 
0.6312001 0.3815733 9.9864691 
0.6802409 0.2406715 9.7234446 
0.7187339 0.4325524 9.7393098 
0.7024661 0.4387420 9.8093733 
0.6130168 0.3635310 9.7984569 
0.5755619 0.3653739 9.8267041 
0.5174549 0.3872968 9.8565919 
0.4774551 0.1363306 9.8319210 
0.5196815 0.1030038 9.8310368 
0.6221055 -0.0141907 9.7799654 
0.6338480 0.0667299 9.7045836 
0.7191049 0.0331488 9.7153359 
0.7694996 -0.0310105 9.8734318 
0.6986903 -0.0457769 9.8385260 
0.6582456 -0.0821331 9.7827445 
0.6225065 -0.2694446 9.8328132 
0.6861905 -0.2719314 9.6653016 
0.6726608 0.0015523 9.7268687 
0.6072218 -0.1562157 9.9630802 
0.7454228 -0.2790311 9.8093004 
0.6646387 -0.1404445 9.8288127 
0.6483689 -0.1266742 10.0179309 
0.7178064 -0.1052589 9.8191464 
0.6338607 -0.1435867 9.6100505 
0.6383239 -0.2764956 9.6669184 
0.6917654 -0.2123732 10.0057360 
0.5921454 -0.4279882 9.5425902 
0.6924169 -0.0961471 10.0004481 
0.6490153 -0.0201065 9.9736176 
0.5722960 -0.1562595 9.8383730 
0.5148660 -0.3216982 9.7334523 
0.2118446 -0.2234449 9.6873394 
0.0984278 -0.0692354 9.7764379 
0.0263649 -0.1305157 9.6549465 
-0.1243831 -0.2323492 9.7931660 
-0.1266133 -0.0966942 9.6493462 
-0.0090394 0.0766506 9.7505201 
-0.1036845 0.0800895 10.1688044 
-0.1413488 0.0271864 9.9202298 
-0.1451806 -0.2012511 9.6840927 
-0.3410244 0.1910072 9.8862687 
-0.3067349 0.3937002 9.7234386 
-0.2129816 0.0096951 9.3784700 
-0.1734249 -0.3463504 9.7914188 
-0.1151984 -0.2072052 9.7948353 
-0.2150436 0.1378369 9.5898380 
-0.2935552 0.8596828 10.3896064 
-0.2095182 0.0393028 10.2217335 
-0.2322227 -0.4711653 9.7295237 
-0.2192306 -0.3905808 9.8009991 
-0.2800911 0.0013452 9.7483843 
-0.3229030 0.2799336 9.8331703 
-0.2549960 0.1361340 10.0673001 
-0.3665441 -0.4338090 9.8242580 
-0.3431009 -0.4007376 9.6246381 
-0.3450807 -0.2009133 9.4995714 
-0.4265656 -0.4091576 9.8063468 
-0.4016451 -0.2180821 10.0481906 
-0.4783919 -0.1504909 9.8454693 
-0.5588190 -0.3036197 9.8547053 
-0.5846860 -0.2513995 9.8647677 
-0.6596110 -0.2713303 9.6671015 
-0.6510778 -0.2700751 9.7606147 
-0.6278100 -0.2680374 9.7754285 
-0.5836926 -0.0898361 9.5919454 
-0.5391955 -0.0581949 9.7429841 
-0.5937616 -0.2672513 9.8612647 
-0.6887170 -0.2093115 9.8568834 
-0.6943181 -0.1355819 9.8251730 
-0.6646357 -0.0604367 9.8435481 
-0.6478531 -0.0362790 9.7792551 
-0.6869774 -0.1392202 9.7795531 
-0.6470712 -0.0124593 9.6523589 
-0.6116427 0.1136325 9.7938429 
-0.6403754 -0.0259578 9.7438557 
-0.6816545 -0.1002507 9.8960205 
-0.6449984 0.0227004 9.9481640 
-0.6525377 0.1447177 9.8039802 
-0.6191413 0.1241363 9.7278911 
-0.5769626 0.0116678 9.7482305 
-0.4436046 0.0119228 9.8125337 
-0.3192116 0.1338058 9.9095157 
-0.2477718 0.2091577 9.8391537 
-0.1947482 0.1264542 9.8135267 
-0.2059603 0.0962037 9.8448312 
-0.2534161 0.0318935 9.8435516 
-0.2048709 0.0711349 9.9332399 
-0.1672138 0.1505656 9.8721267 
-0.1673597 0.1393568 9.7865772 
-0.1550930 0.0575685 9.7102244 
-0.1559638 0.0493895 9.7233706 
-0.1255162 0.1329784 9.7473276 
-0.1155357 0.1828032 9.7689343 
-0.1610212 0.1310014 9.8124749 
-0.1581756 0.0289172 9.8258508 
-0.1882353 0.0674593 9.7994946 
-0.2380392 0.1351583 9.8581521 
-0.2235211 0.1470678 9.9462198 
-0.2225752 0.0480760 9.8165516 
-0.2611184 0.0858275 9.6784763 
-0.2055372 0.0962489 9.6191141 
-0.1459856 0.0935315 9.7866703 
-0.1632128 0.0927421 9.7919726 
-0.1712980 0.0143071 9.9047519 
-0.2237991 -0.0069331 9.9226278 
-0.2230749 0.0465595 9.8464124 
-0.1839449 0.1194308 9.7921619 
-0.1537641 0.0672733 9.7428426 
-0.1566388 0.0125709 9.8098095 
-0.1543882 -0.0800605 9.9139611 
-0.1547574 -0.0771560 9.8664236 
-0.1419919 -0.0254868 9.7863880 
-0.1970215 -0.0135829 9.7589303 
-0.1400100 -0.0353252 9.7872637 
-0.1395511 -0.0723075 9.7726314 
-0.1560412 -0.1272916 9.7940584 
-0.1057200 -0.0297130 9.7527202 
-0.1175022 -0.0109075 9.8162723 
-0.1700427 -0.0967214 9.8664481 
-0.2062390 -0.1286610 9.9025426 
-0.2783000 -0.0686379 9.8095604 
-0.3461455 0.0145489 9.7512138 
-0.3935063 0.0153358 9.7626399 
-0.3683948 -0.0370397 9.7846439 
-0.3514321 -0.0973895 9.8075628 
-0.3418003 -0.0424609 9.8406544 
-0.3011105 -0.0494521 9.8398443 
-0.3322392 -0.0165083 9.8046340 
-0.3490010 -0.0241532 9.8136785 
-0.2184278 0.0244848 9.7914317 
-0.1967932 -0.0087059 9.7639420 
-0.1655724 -0.0546769 9.8255186 
-0.1486907 -0.1177112 9.8351594 
-0.1092589 -0.0354532 9.7889953 
-0.0636929 0.0500401 9.7586100 
-0.0454125 0.0004619 9.7751018 
-0.0297338 -0.1104406 9.7996685 
-0.0035927 -0.1146102 9.7819519 
-0.0393988 -0.0052927 9.8175189 
-0.0450104 0.0503926 9.8232114 
-0.0765756 0.0350400 9.8164938 
-0.0320111 -0.0195779 9.7965817 
0.0083248 0.0017705 9.7756950 
0.0061604 -0.0031056 9.8079302 
0.0033892 0.0032719 9.8341359 
0.0150211 -0.0305868 9.8343768 
-0.0115119 0.0485584 9.7951036 
0.0130781 0.0518903 9.8249649 
0.0662509 -0.0632754 9.8334227 
0.0555865 -0.0426218 9.8230255 
0.0091240 0.0855758 9.8278936 
-0.0042239 0.0372907 9.7822494 
0.0161251 -0.0506961 9.7711432 
0.0329469 -0.0687286 9.8086628 
-0.0111210 0.0061453 9.8233105 
-0.0350487 0.0444155 9.8129473 
-0.0210710 0.0011827 9.7808646 
-0.0827385 -0.0554883 9.7831678 
-0.0569035 0.0267993 9.8254954 
0.0026170 0.0538864 9.8694002 
-0.0452580 -0.0689177 9.8735613 
-0.1343506 -0.0646877 9.8586235 
-0.1550739 -0.0925163 9.7561953 
-0.1858504 -0.0375232 9.7487749 
-0.1967772 0.0041318 9.7751802 
-0.2093592 0.0963111 9.8154973 
-0.2623078 0.0152299 9.7926015 
-0.2180708 0.1075618 9.8157888 
-0.0978996 0.0269726 9.7749730 
-0.1290084 -0.1430747 9.7365485 
-0.1256681 -0.0678827 9.7467171 
-0.0498025 -0.0457082 9.7969359 
0.0816205 -0.0665011 9.8604021 
0.1390417 -0.0619372 9.8877182 
-0.0935411 0.2558472 9.8323003 
0.0572761 0.0859319 9.7728940 
0.1955893 -0.1162648 9.7687592 
0.1717050 -0.1706635 9.8644003 
0.2396890 -0.1110257 9.7853941 
0.1594005 0.0011921 9.8287445 
0.1751108 0.2083266 9.8652071 
0.2760679 0.0695295 9.7956486 
0.1965291 -0.0366953 9.7759029 
0.2805504 -0.0725250 9.8282543 
0.1662346 -0.2735884 9.9407673 
0.0730776 -0.2510640 9.8161401 
0.0321880 0.2191110 9.6993997 
0.0628525 0.3980519 9.5825061 
-0.0659426 0.0315665 9.7401170 
0.0198530 0.0716121 9.9260712 
-0.0066058 -0.1208014 9.8946791 
-0.0089900 -0.1335104 9.9489318 
-0.0160532 0.1737080 9.8184100 
0.0012253 -0.0259019 9.6399698 
-0.0074521 -0.0954190 9.6657824 
-0.6973219 0.3169360 10.1906082 
-0.8551760 -0.1354642 9.8333804 
-0.8871628 -0.1343478 9.6211511 
-0.9349756 0.0345236 9.7698669 
-1.0556877 -0.2014312 9.7877568 
-1.1246532 0.0784942 9.8324979 
-1.2175854 0.1828982 9.9219381 
-1.2487961 -0.1802742 9.8871741 
-1.3598011 -0.0054204 9.7953683 
-1.4955341 0.2780201 9.7707707 
-1.7280144 -0.0676784 9.8065853 
-0.4978633 -0.0504881 9.7810659 
0.6984236 0.0841004 9.8572969 
0.0935600 -0.0602746 9.7737302 
-0.3275551 0.0244397 9.7315060 
0.1297403 0.0131670 9.8273182 
0.1378325 0.0118948 9.8862858 
-0.1146793 0.0409670 9.8053216 
-0.0547156 -0.0193956 9.7624709 
0.0566983 0.0217609 9.8198255 
0.0264830 0.0332674 9.8201080 
-0.0770922 -0.0171822 9.7988845 
-0.0057928 0.0229652 9.8077048 
0.0625741 0.0144175 9.8260166 
-0.0447384 0.0195800 9.8122192 
-0.0220374 0.0137652 9.7916418 
0.0274181 0.0032380 9.8129417 
0.0088244 0.0236959 9.8226806 
-0.0371208 0.0066826 9.7884718 
-0.0037441 0.0059646 9.8085219 
0.0296326 0.0052466 9.8285720 
-0.0394502 0.0164291 9.7883171 
0.0001770 0.0104328 9.8116534 
0.0210019 -0.0068818 9.8192269 
-0.0095838 0.0153675 9.8146420 
-0.0053566 0.0136218 9.8073418 
0.0030999 0.0094153 9.8111015 
0.0047647 -0.0046329 9.8139789 
-0.0294062 0.0215613 9.7926654 
0.0181723 0.0060976 9.8220834 
-0.0007330 0.0035618 9.8108148 
-0.0099952 0.0124706 9.8085648 
-0.0050077 0.0142322 9.8040305 
-0.0153768 0.0109104 9.8043971 
-0.0019242 -0.0074998 9.8050184 
0.0017632 0.0134853 9.8102571 
0.0127197 0.0158010 9.8172378 
-0.0170220 -0.0043245 9.8011582 
-0.0160638 0.0045837 9.8056437 
0.0183532 0.0107352 9.8140969 
-0.0134303 0.0087009 9.8038835 
0.0010021 -0.0031420 9.8120284 
0.0012907 0.0124197 9.8000386 
-0.0074873 0.0182084 9.8090026 
0.0005112 -0.0103619 9.8138439 
-0.0085471 0.0053593 9.7972583 
0.0150639 0.0099589 9.8282943 
-0.0162500 0.0075263 9.7867855 
-0.0028504 -0.0012297 9.8149990 
0.0057855 0.0006949 9.8118569 
0.0019590 0.0083467 9.8074475 
0.0113250 -0.0133187 9.8219572 
-0.0089521 0.0120092 9.7988309 
0.0072032 0.0072529 9.8138708 
-0.0109174 0.0038722 9.8008214 
0.0117866 -0.0007595 9.8166194 
0.0143622 -0.0052304 9.8192695 
-0.0119288 0.0145993 9.8014363 
0.0113547 -0.0034379 9.8197077 
-0.0062219 0.0117554 9.8055377 
0.0061958 -0.0013829 9.8170801 
0.0008270 -0.0073538 9.8138357 
0.0002456 0.0110352 9.8056216 
0.0072799 -0.0021778 9.8176112 
-0.0148306 0.0118261 9.8014190 
0.0118559 -0.0049820 9.8174718 
0.0003366 -0.0020373 9.8058122 
-0.0008257 0.0056544 9.8142003 
0.0092117 -0.0034478 9.8196292 
-0.0070897 0.0102007 9.7990278 
0.0007860 -0.0061111 9.8149613 
-0.0106502 0.0078719 9.7958599 
0.0104320 0.0027635 9.8230408 
-0.0064318 0.0048212 9.8008619 
0.0059303 0.0036423 9.8199664 
-0.0088509 0.0115999 9.8011981 
-0.0052548 0.0060912 9.8035645 
0.0021580 -0.0045385 9.8184065 
-0.0105368 0.0085730 9.7938838 
0.0103624 -0.0013075 9.8237175 
-0.0111119 0.0039817 9.7996754 
0.0062585 0.0074829 9.8125802 
-0.0020807 0.0110244 9.8022489 
0.0025570 -0.0023118 9.8145787 
0.0115367 -0.0039573 9.8095801 
0.2923413 0.0583716 9.6942396 
0.4796111 -0.0120338 9.7792599 
0.5396509 0.0203288 9.8961428 
0.5145179 -0.0235224 9.8716883 
0.5831098 0.0071737 9.8125907 
0.6089869 0.0518194 9.7854766 
0.8948872 -0.0456901 9.5985769 
1.3129909 0.0657739 9.5790568 
1.5787613 0.1165547 9.8130106 
1.7453164 -0.0100211 9.8261669 
1.8433299 -0.0288707 9.7238454 
1.8307790 -0.1680120 9.9889674 
1.7096340 -0.0356063 9.9676483 
1.5965648 0.4428102 9.7663378 
1.3703764 0.1342205 9.9368397 
1.2189239 -0.3267214 10.0195921 
1.2684733 -0.3128124 9.7162542 
1.1652045 -0.0065323 9.8652404 
0.8305095 -0.1907214 9.9215126 
0.4882558 -0.0066440 9.9583002 
0.1524294 0.3633729 9.6639821 
0.0510915 0.0076837 9.5471833 
-0.1716536 0.0001629 9.6078157 
-1.4516878 0.8163915 10.7507241 
-2.2523466 0.4191928 10.0113135 
-2.5629842 -0.0736845 9.3219629 
-2.4428752 0.0795835 9.2998712 
-2.1884639 -0.4801091 9.9065529 
-0.7113112 -0.2481690 9.7237932 
-0.0638522 0.1335136 9.8837476 
0.2333470 0.0769194 9.7914621 
0.1083157 -0.1262852 9.7360305 
0.0536107 0.0483112 9.8074698 
0.1889037 0.0747055 9.8532031 
0.0768518 0.0666102 9.7964101 
0.1144424 0.1880311 9.7887243 
0.0779044 -0.0962293 9.7306995 
0.3063254 -0.0943393 9.7817738 
0.9692452 0.2748077 9.7226473 
1.2581867 0.2031137 9.6200177 
1.3701078 -0.0262174 9.8348986 
1.4628096 0.2202033 9.7965335 
1.3955415 0.0146967 9.8663638 
1.3066796 0.1996494 9.7248731 
1.2845979 0.5063979 9.8047582 
1.1808090 0.1419708 9.7149255 
1.0035215 -0.1589461 10.1925574 
0.7637621 -0.0768442 10.4289971 
0.6124664 0.4184652 10.1896060 
0.1867467 0.3650977 9.7409054 
-0.1835819 0.3382675 9.7034088 
0.0249235 0.2704372 9.3487337 
0.0527153 -0.0551448 9.6839590 
-0.0708496 -0.5687083 10.0250887 
0.1627577 -0.0119545 9.7886457 
0.1563348 -0.1899661 9.8430286 
-0.0658456 -0.4070042 9.7010267 
0.0752557 0.4067829 9.5582958 
0.1410967 0.0102289 9.2014929 
0.4132756 -0.0436113 9.6077024 
0.7155328 0.1362851 10.2486241 
0.6247312 -0.0599645 9.8031534 
0.5610592 -0.3904475 10.1797986 
0.4311630 -0.6079368 10.3011410 
0.2721441 -0.2666424 9.4911943 
0.4106456 0.6818743 9.3687881 
0.5651290 0.3838206 9.6723612 
0.6072892 -0.4556651 9.9534199 
0.8276806 -0.5893836 9.7749181 
0.9198751 -0.2675831 9.4620240 
1.0301132 0.0215119 9.3795162 
0.6782585 -0.1460123 8.7873837 
0.5564296 0.1696864 10.4455149 
0.7408733 0.3130974 10.9912353 
0.3097270 -0.1359048 9.3875812 
0.7089896 -0.3873895 9.8241472 
0.7944351 -0.1158775 9.8266732 
0.8655932 -0.0066061 9.5084721 
0.9265930 0.4026043 9.9039982 
0.9124306 -0.1560187 10.8710401 
0.8291309 -0.5251768 10.3567389 
0.6585353 -0.3541730 11.2679149 
0.7368659 -0.2112266 9.2203801 
0.7538866 0.1072531 8.8660309 
0.8664425 0.2724399 9.3159716 
0.9001478 -0.1599736 9.6512774 
0.9773089 -0.2511524 9.8697107 
0.9986580 -0.1118219 9.9865357 
0.9513837 -0.0390018 9.9193164 
0.9478045 -0.0516719 9.8114623 
0.8965916 -0.1907872 9.8629319 
0.8152094 -0.2054318 9.7931298 
0.6725462 -0.2020443 9.5964088 
0.5607161 -0.0801162 9.7496555 
0.5730796 -0.0462302 9.8195963 
0.5741251 0.0593470 9.8235967 
0.4804501 -0.1150456 9.7476115 
0.3921506 -0.0374329 9.7502392 
0.3924685 -0.0318077 9.8098105 
0.4122644 0.2389083 9.7416416 
0.4076112 0.1913384 9.5699959 
0.4205999 0.2041789 9.8502632 
0.3330785 0.1747050 10.0406957 
0.2148307 0.2044683 9.8736923 
0.1878804 0.2919694 9.9703575 
0.1666721 0.1410031 9.7356066 
0.0959754 0.2047290 9.5539451 
0.0793487 0.0807280 9.6671663 
0.2698180 0.0037390 10.0457667 
0.0842167 -0.0359126 10.0472517 
-0.0747323 0.2310181 9.8332418 
0.0127517 0.2383325 9.6404872 
0.1402992 -0.2348046 9.5641079 
-0.1133195 -0.1978515 10.0995593 
-0.0221296 -0.3304698 10.3386875 
0.0513953 0.2012768 10.3939988 
-0.0030556 -0.1122678 9.2691450 
-0.0340223 -0.1436533 9.3091073 
0.1344654 -0.1715309 9.8260855 
0.1565227 -0.2296889 9.9333902 
0.0629884 -0.0905575 9.7405934 
0.0658629 -0.0286789 9.9215615 
0.1506947 0.0132621 9.8225430 
0.1591423 -0.1182769 9.6385693 
0.0957757 -0.0259915 9.8960426 
0.0579966 -0.2116522 10.1716583 
-0.0263183 -0.1916138 9.9095747 
-0.0859131 -0.1423230 9.5457838 
-0.1105647 0.0325740 9.4255217 
-0.0605158 -0.0860888 9.9801558 
-0.1126875 -0.1503308 10.0037059 
-0.1982706 -0.1843031 9.7765849 
-0.2163801 -0.0660521 9.8016993 
-0.1833567 -0.0640736 9.7024629 
-0.1720809 -0.0340300 9.7065940 
-0.1238794 0.2115214 9.8795167 
-0.1691209 0.1340991 9.9074766 
-0.2324267 -0.0355376 9.8191520 
-0.7370464 -0.0315892 9.4897679 
-1.1497780 0.0240901 9.7736641 
-1.3620608 0.0877757 9.5788327 
-1.3698525 0.2067867 9.8497000 
-1.4210847 0.1505018 10.0474898 
-1.5953820 -0.0848660 9.8985643 
-1.5086146 -0.1385604 9.8707425 
-1.4648336 0.0257246 9.9472260 
-0.9279829 0.1434297 9.5764982 
-0.4915031 0.1455289 9.5455696 
-0.2793252 -0.0096294 9.8848711 
-0.1367141 -0.0329865 10.0505312 
-0.2198664 -0.0079313 9.6752439 
-0.3025434 0.0133886 9.6788366 
-0.2536619 0.0190394 9.9745488 
-0.2893990 0.0484386 9.9599818 
-0.4005055 0.1366479 9.6893556 
-0.4529746 -0.1101260 9.6713305 
-0.3586221 -0.1700799 9.8442681 
-0.3288398 -0.1398616 10.0318097 
-0.2953306 0.0604792 9.7560690 
-0.2981381 0.2880849 9.6647548 
-0.3543737 0.2937431 9.7451356 
-0.3290013 -0.1456934 9.9915441 
-0.3618924 -0.3205688 9.9308203 
-0.3463285 -0.2840028 9.7341326 
-0.2691295 -0.0651562 9.6912254 
-0.2889047 0.2039216 9.6689063 
-0.3253266 0.2179797 9.8121034 
-0.3105242 0.0466021 9.8898903 
-0.2955960 -0.2423416 9.9082281 
-0.2089735 -0.2171116 9.9944211 
-0.2131045 -0.0851717 9.8354312 
-0.2191605 -0.0300772 9.5450312 
-0.2516562 0.0202277 9.6270953 
-0.1900978 -0.0022053 9.8233173 
-0.1102033 -0.0267821 10.0068905 
-0.1531813 -0.0840598 9.8899133 
-0.1508152 0.1176423 9.6364452 
-0.0995555 0.1739877 9.5574560 
-0.0235655 -0.0826245 9.6843897 
0.0035725 -0.2867109 9.9507786 
0.0480843 -0.1957782 10.0046199 
0.0138537 -0.1412409 9.4916913 
-0.0374780 0.2660141 9.8616165 
0.0645900 0.1504602 9.9545970 
0.0559283 0.1517412 9.9399989 
-0.0226548 -0.2445789 9.7468560 
-0.0584851 -0.2396070 9.7512466 
-0.0337416 -0.0305599 9.7505214 
-0.0047492 0.1112254 9.6937642 
0.0027072 -0.0120345 9.8103690 
0.0417227 -0.0707155 9.8273603 
0.0807126 -0.0055366 9.6276499 
-0.0127502 0.0146682 9.7436314 
-0.0014960 -0.0114656 9.9241388 
0.0350917 -0.0739817 9.9955274 
0.0698824 -0.0347772 9.9343843 
-0.0545293 -0.0001833 9.7872870 
-0.1274574 0.1072226 9.6818033 
-0.0835478 0.0896507 9.6168233 
-0.2553401 -0.0016585 9.9194420 
-0.1707890 -0.0473624 9.9504724 
-0.6651807 -0.0727554 9.9817334 
-1.1322993 -0.0651677 9.6625451 
-1.6000763 0.0413143 9.6505647 
-1.7673823 0.0651361 9.9463711 
-1.7237415 0.1416294 9.8914966 
-1.8156559 0.0704468 9.7645265 
-1.7162500 -0.0595827 9.7227038 
-1.9089211 -0.0682832 9.8664376 
-2.0827007 -0.2123880 9.6188013 
-1.7548886 0.0236026 9.7052168 
-1.4669415 0.1240665 9.7460608 
-1.1970304 -0.0194352 9.8535229 
-0.9977504 -0.0612027 9.7708202 
-0.7923379 -0.0596422 9.8884967 
-0.5417484 0.0242927 10.2401578 
-0.5175891 -0.0750775 9.9400031 
-0.5204642 -0.0100553 9.7610708 
-0.5088545 -0.0132699 9.6804717 
-0.4258821 0.0036605 9.6909890 
-0.1769259 0.0985694 9.6355364 
-0.0541053 0.1454754 9.6368362 
-0.1120284 -0.0569768 9.9191270 
-0.1622106 -0.1452248 10.0607786 
-0.2724685 -0.0854373 9.8191167 
-0.3590109 0.0131623 9.4844791 
-0.4339106 0.0832378 9.4992726 
-0.5711524 -0.1246308 9.9182583 
-0.7088692 -0.0215391 10.3200160 
-0.7039190 0.0285208 10.0230011 
-0.4831184 0.0081983 9.6957066 
-0.3377138 -0.0407135 9.6226201 
-0.3673521 -0.0478647 9.7022971 
-0.4439644 -0.0466777 9.8346953 
-0.5283475 0.0674062 9.8753058 
-0.6059851 0.0209379 9.8410566 
-0.6351444 -0.0737178 9.7983501 
-0.5772548 -0.0471031 9.7801921 
-0.4373502 0.0039614 9.8013181 
-0.3182204 0.0016917 9.7984900 
-0.2389908 -0.0429421 9.8015023 
-0.1914059 -0.0145064 9.8252892 
-0.1818569 -0.0125911 9.8069490 
-0.1521392 -0.0314841 9.8068433 
-0.1544904 -0.0085225 9.8121526 
-0.1091699 -0.0377606 9.8100198 
0.1176364 -0.0205337 9.7908427 
0.2994936 -0.0328527 9.8149313 
0.3558899 -0.0056602 9.8315344 
0.3412573 0.0129911 9.8293946 
0.3400420 -0.0179903 9.8136284 
0.3401944 -0.0198488 9.8192208 
0.3533474 -0.0432127 9.8066200 
0.3121190 -0.0415628 9.7922184 
0.2092026 -0.1095796 9.8344786 
0.1843348 0.0404098 9.8318980 
0.2568679 0.0266663 9.7633075 
0.3664618 0.0116515 9.7664476 
0.4506908 0.0727659 9.7976142 
0.5397558 0.0049895 9.8348240 
0.5099034 -0.1501755 9.8329725 
0.4042811 -0.1203715 9.8736423 
0.2561420 0.0162349 9.8200337 
0.1241025 0.0284538 9.7767001 
0.2057788 0.0654106 9.7479850 
0.3417652 0.0247595 9.7495660 
0.4778457 -0.0713182 9.8177470 
0.3235771 -0.1076410 9.8635782 
0.2686522 0.0665760 9.8417314 
0.2796531 0.0915828 9.7476257 
0.2374486 -0.0242968 9.7934878 
0.0634134 -0.2058071 9.8340832 
0.1359688 -0.1053985 9.8386515 
0.2550446 0.1017500 9.7781818 
0.2670087 0.1706962 9.7816377 
0.0293780 0.0523596 9.7376447 
-0.9077672 -0.0149078 9.8824349 
-1.3981777 -0.2009865 9.8556725 
-1.3926458 -0.0868016 9.7352424 
-1.4261795 -0.0116409 9.7453893 
-1.5041637 -0.0219623 9.8095753 
-1.6374979 -0.0250100 9.8684360 
-1.8490113 -0.0087305 9.8963790 
-0.2990182 -0.0404997 9.7837374 
0.7511658 0.0040926 9.7721226 
0.0764845 -0.0256029 9.7551974 
-0.2899527 -0.0560774 9.7651176 
0.1693036 0.0169015 9.8568835 
0.1241475 0.0142904 9.8803435 
-0.1495393 -0.0402062 9.7791462 
-0.0123577 -0.0185252 9.7632968 
0.0998810 -0.0118359 9.8457648 
0.0121881 -0.0140247 9.8185402 
-0.0481256 -0.0350308 9.7923896 
0.0037783 -0.0121603 9.8028805 
0.0614644 -0.0054691 9.8172679 
-0.0317807 -0.0326995 9.8120332 
