49.0086448 8.3981040 112.9905930 
49.0086453 8.3981030 112.9824142 
49.0086456 8.3981021 112.9773407 
49.0086460 8.3981012 112.9752655 
49.0086464 8.3981001 112.9743195 
49.0086469 8.3980992 112.9699097 
49.0086472 8.3980984 112.9659119 
49.0086476 8.3980975 112.9647980 
49.0086478 8.3980968 112.9602585 
49.0086482 8.3980960 112.9528503 
49.0086484 8.3980954 112.9460144 
49.0086486 8.3980948 112.9443283 
49.0086488 8.3980942 112.9474640 
49.0086489 8.3980937 112.9479828 
49.0086491 8.3980933 112.9443436 
49.0086492 8.3980929 112.9395065 
49.0086494 8.3980924 112.9336319 
49.0086496 8.3980917 112.9238358 
49.0086499 8.3980910 112.9199829 
49.0086502 8.3980901 112.9144821 
49.0086505 8.3980892 112.9101257 
49.0086508 8.3980882 112.9108658 
49.0086511 8.3980870 112.9102249 
49.0086515 8.3980859 112.9086685 
49.0086518 8.3980847 112.9022903 
49.0086523 8.3980832 112.8925858 
49.0086528 8.3980818 112.8812256 
49.0086533 8.3980802 112.8653946 
49.0086539 8.3980783 112.8506165 
49.0086545 8.3980764 112.8458328 
49.0086552 8.3980741 112.8385239 
49.0086558 8.3980718 112.8325424 
49.0086566 8.3980694 112.8238449 
49.0086574 8.3980666 112.8141251 
49.0086581 8.3980638 112.8039246 
49.0086590 8.3980606 112.7975845 
49.0086599 8.3980576 112.7859192 
49.0086608 8.3980544 112.7630386 
49.0086617 8.3980508 112.7330246 
49.0086625 8.3980473 112.7164307 
49.0086635 8.3980434 112.7146225 
49.0086645 8.3980397 112.7129822 
49.0086655 8.3980358 112.7094727 
49.0086665 8.3980315 112.6986008 
49.0086675 8.3980275 112.6897659 
49.0086685 8.3980233 112.6691971 
49.0086696 8.3980187 112.6506424 
49.0086706 8.3980145 112.6369629 
49.0086717 8.3980098 112.6190109 
49.0086727 8.3980055 112.5959549 
49.0086738 8.3980011 112.5804901 
49.0086750 8.3979963 112.5690002 
49.0086761 8.3979920 112.5662384 
49.0086773 8.3979872 112.5722504 
49.0086785 8.3979829 112.5774231 
49.0086796 8.3979786 112.5813293 
49.0086809 8.3979738 112.5896072 
49.0086821 8.3979694 112.5889053 
49.0086834 8.3979646 112.5932617 
49.0086846 8.3979602 112.5969849 
49.0086859 8.3979559 112.6008682 
49.0086873 8.3979512 112.6015244 
49.0086886 8.3979470 112.6036301 
49.0086900 8.3979423 112.6029587 
49.0086913 8.3979381 112.6054230 
49.0086925 8.3979339 112.6061020 
49.0086937 8.3979295 112.6083145 
49.0086948 8.3979258 112.6086807 
49.0086958 8.3979222 112.6086426 
49.0086969 8.3979186 112.6087875 
49.0086979 8.3979155 112.6079407 
49.0086988 8.3979123 112.6052246 
49.0086996 8.3979096 112.6021805 
49.0087003 8.3979071 112.6028366 
49.0087010 8.3979047 112.6046066 
49.0087016 8.3979027 112.6058121 
49.0087021 8.3979010 112.6060104 
49.0087025 8.3978995 112.6085434 
49.0087028 8.3978983 112.6097794 
49.0087031 8.3978972 112.6078644 
49.0087034 8.3978962 112.6045227 
49.0087036 8.3978952 112.6017303 
49.0087039 8.3978941 112.6001816 
49.0087042 8.3978931 112.5990829 
49.0087046 8.3978919 112.5980835 
49.0087049 8.3978908 112.5971222 
49.0087052 8.3978897 112.5961990 
49.0087055 8.3978885 112.5947952 
49.0087059 8.3978873 112.5931854 
49.0087062 8.3978861 112.5914764 
49.0087066 8.3978848 112.5896301 
49.0087069 8.3978835 112.5878525 
49.0087074 8.3978819 112.5857544 
49.0087078 8.3978805 112.5836716 
49.0087082 8.3978789 112.5818634 
49.0087087 8.3978770 112.5802155 
49.0087092 8.3978752 112.5798187 
49.0087098 8.3978730 112.5792999 
49.0087103 8.3978709 112.5786057 
49.0087109 8.3978686 112.5787811 
49.0087116 8.3978660 112.5796585 
49.0087122 8.3978634 112.5800552 
49.0087128 8.3978607 112.5809784 
49.0087136 8.3978575 112.5821457 
49.0087143 8.3978545 112.5826263 
49.0087151 8.3978510 112.5821533 
49.0087158 8.3978476 112.5821609 
49.0087166 8.3978441 112.5829620 
49.0087175 8.3978399 112.5841370 
49.0087184 8.3978360 112.5847855 
49.0087194 8.3978314 112.5835648 
49.0087204 8.3978272 112.5810471 
49.0087215 8.3978227 112.5801849 
49.0087226 8.3978176 112.5820084 
49.0087237 8.3978128 112.5852280 
49.0087249 8.3978080 112.5891495 
49.0087261 8.3978027 112.5939026 
49.0087273 8.3977978 112.5992737 
49.0087285 8.3977924 112.6016235 
49.0087297 8.3977874 112.5996017 
49.0087309 8.3977825 112.5937805 
49.0087322 8.3977770 112.5865402 
49.0087334 8.3977719 112.5805054 
49.0087347 8.3977663 112.5759583 
49.0087360 8.3977612 112.5742493 
49.0087372 8.3977561 112.5737305 
49.0087386 8.3977504 112.5736694 
49.0087398 8.3977453 112.5714951 
49.0087411 8.3977402 112.5682907 
49.0087425 8.3977346 112.5646133 
49.0087437 8.3977295 112.5622482 
49.0087451 8.3977240 112.5615387 
49.0087464 8.3977190 112.5596313 
49.0087477 8.3977141 112.5564499 
49.0087491 8.3977087 112.5529327 
49.0087504 8.3977039 112.5501785 
49.0087518 8.3976986 112.5493851 
49.0087531 8.3976938 112.5495682 
49.0087543 8.3976891 112.5496140 
49.0087557 8.3976840 112.5466156 
49.0087570 8.3976793 112.5446320 
49.0087584 8.3976747 112.5464783 
49.0087598 8.3976696 112.5474319 
49.0087611 8.3976649 112.5468674 
49.0087626 8.3976598 112.5472565 
49.0087639 8.3976551 112.5484238 
49.0087653 8.3976504 112.5488129 
49.0087667 8.3976453 112.5464554 
49.0087681 8.3976405 112.5435944 
49.0087697 8.3976353 112.5400696 
49.0087711 8.3976306 112.5393143 
49.0087725 8.3976258 112.5412292 
49.0087741 8.3976205 112.5460739 
49.0087755 8.3976157 112.5510559 
49.0087769 8.3976109 112.5555344 
49.0087784 8.3976057 112.5590134 
49.0087798 8.3976009 112.5624847 
49.0087814 8.3975957 112.5582886 
49.0087828 8.3975911 112.5518570 
49.0087842 8.3975865 112.5417557 
49.0087858 8.3975814 112.5292740 
49.0087872 8.3975768 112.5241547 
49.0087886 8.3975723 112.5234909 
49.0087901 8.3975673 112.5199814 
49.0087915 8.3975628 112.5134735 
49.0087930 8.3975579 112.5067978 
49.0087945 8.3975534 112.5017548 
49.0087958 8.3975491 112.4968719 
49.0087973 8.3975445 112.4910126 
49.0087988 8.3975406 112.4937820 
49.0088005 8.3975365 112.5027237 
49.0088025 8.3975330 112.5093536 
49.0088045 8.3975297 112.5152130 
49.0088068 8.3975261 112.5206451 
49.0088087 8.3975226 112.5222321 
49.0088108 8.3975188 112.5247879 
49.0088126 8.3975151 112.5267105 
49.0088144 8.3975116 112.5301208 
49.0088161 8.3975076 112.5326004 
49.0088178 8.3975040 112.5366592 
49.0088195 8.3975000 112.5397720 
49.0088210 8.3974966 112.5427399 
49.0088224 8.3974931 112.5441055 
49.0088248 8.3974890 112.5315552 
49.0088265 8.3974859 112.5351639 
49.0088286 8.3974826 112.5311966 
49.0088306 8.3974788 112.5250397 
49.0088322 8.3974750 112.5145111 
49.0088341 8.3974709 112.5044174 
49.0088356 8.3974673 112.4983292 
49.0088371 8.3974636 112.4912949 
49.0088385 8.3974600 112.4922638 
49.0088396 8.3974569 112.4968567 
49.0088408 8.3974538 112.5001526 
49.0088420 8.3974504 112.5048065 
49.0088430 8.3974474 112.5137558 
49.0088440 8.3974440 112.5131683 
49.0088449 8.3974410 112.5137405 
49.0088459 8.3974379 112.5072250 
49.0088471 8.3974346 112.4957428 
49.0088481 8.3974316 112.4886017 
49.0088492 8.3974282 112.4793701 
49.0088503 8.3974252 112.4733124 
49.0088513 8.3974222 112.4654083 
49.0088524 8.3974190 112.4577789 
49.0088534 8.3974160 112.4481430 
49.0088543 8.3974130 112.4407730 
49.0088554 8.3974097 112.4339447 
49.0088563 8.3974067 112.4298248 
49.0088574 8.3974035 112.4251785 
49.0088583 8.3974005 112.4210815 
49.0088593 8.3973975 112.4161758 
49.0088603 8.3973943 112.4100266 
49.0088612 8.3973913 112.4055862 
49.0088623 8.3973880 112.4023285 
49.0088632 8.3973851 112.4000244 
49.0088642 8.3973822 112.3973389 
49.0088652 8.3973789 112.3940811 
49.0088661 8.3973760 112.3906784 
49.0088670 8.3973730 112.3871841 
49.0088680 8.3973698 112.3827209 
49.0088689 8.3973669 112.3785095 
49.0088699 8.3973636 112.3735809 
49.0088708 8.3973607 112.3691635 
49.0088717 8.3973578 112.3646851 
49.0088726 8.3973545 112.3603592 
49.0088735 8.3973516 112.3569794 
49.0088745 8.3973484 112.3541412 
49.0088754 8.3973454 112.3521729 
49.0088763 8.3973425 112.3503036 
49.0088773 8.3973392 112.3476563 
49.0088781 8.3973363 112.3440552 
49.0088791 8.3973330 112.3385544 
49.0088800 8.3973301 112.3340683 
49.0088810 8.3973271 112.3308640 
49.0088820 8.3973239 112.3281403 
49.0088829 8.3973210 112.3258286 
49.0088839 8.3973178 112.3228302 
49.0088849 8.3973148 112.3191299 
49.0088859 8.3973119 112.3150024 
49.0088869 8.3973087 112.3110428 
49.0088879 8.3973058 112.3070679 
49.0088889 8.3973029 112.3040085 
49.0088900 8.3972996 112.3024139 
49.0088909 8.3972967 112.3014450 
49.0088920 8.3972935 112.3013611 
49.0088930 8.3972905 112.3030167 
49.0088940 8.3972876 112.3053513 
49.0088950 8.3972844 112.3060913 
49.0088959 8.3972815 112.3053207 
49.0088970 8.3972783 112.3042831 
49.0088979 8.3972753 112.3034821 
49.0088987 8.3972724 112.3027039 
49.0088997 8.3972691 112.3020630 
49.0089006 8.3972661 112.3030090 
49.0089015 8.3972632 112.3038330 
49.0089026 8.3972599 112.3015366 
49.0089035 8.3972569 112.2985153 
49.0089045 8.3972536 112.3009262 
49.0089054 8.3972506 112.3040924 
49.0089063 8.3972475 112.3062134 
49.0089073 8.3972442 112.3084259 
49.0089083 8.3972412 112.3091583 
49.0089093 8.3972379 112.3098831 
49.0089102 8.3972348 112.3084793 
49.0089111 8.3972317 112.3068542 
49.0089122 8.3972282 112.3066177 
49.0089132 8.3972251 112.3042068 
49.0089141 8.3972220 112.3017654 
49.0089152 8.3972186 112.2986679 
49.0089162 8.3972154 112.2985077 
49.0089173 8.3972120 112.3035355 
49.0089183 8.3972088 112.3058090 
49.0089193 8.3972057 112.3039551 
49.0089204 8.3972022 112.3006592 
49.0089214 8.3971990 112.2957535 
49.0089225 8.3971954 112.2923126 
49.0089235 8.3971921 112.2919617 
49.0089245 8.3971888 112.2913971 
49.0089257 8.3971850 112.2988358 
49.0089268 8.3971817 112.3071823 
49.0089279 8.3971782 112.3087234 
49.0089291 8.3971744 112.3150864 
49.0089301 8.3971710 112.3186722 
49.0089314 8.3971672 112.3140564 
49.0089325 8.3971637 112.3091431 
49.0089335 8.3971603 112.3084793 
49.0089347 8.3971566 112.3063812 
49.0089357 8.3971533 112.3062439 
49.0089367 8.3971501 112.3019791 
49.0089378 8.3971468 112.2936630 
49.0089388 8.3971438 112.2855301 
49.0089398 8.3971406 112.2771606 
49.0089408 8.3971377 112.2691879 
49.0089417 8.3971348 112.2639008 
49.0089428 8.3971317 112.2575378 
49.0089437 8.3971288 112.2463760 
49.0089448 8.3971255 112.2409248 
49.0089459 8.3971222 112.2354736 
49.0089466 8.3971200 112.2307968 
49.0089477 8.3971169 112.2246857 
49.0089486 8.3971140 112.2197342 
49.0089495 8.3971112 112.2110291 
49.0089505 8.3971081 112.2032623 
49.0089514 8.3971052 112.1976624 
49.0089524 8.3971021 112.1980438 
49.0089533 8.3970993 112.1998978 
49.0089542 8.3970964 112.2014236 
49.0089551 8.3970936 112.2042160 
49.0089559 8.3970913 112.2040024 
49.0089566 8.3970891 112.2054520 
49.0089573 8.3970873 112.2082367 
49.0089579 8.3970856 112.2091904 
49.0089585 8.3970839 112.2081299 
49.0089591 8.3970824 112.2061920 
49.0089597 8.3970809 112.2036591 
49.0089601 8.3970797 112.2016678 
49.0089606 8.3970786 112.1999588 
49.0089611 8.3970776 112.1983185 
49.0089615 8.3970768 112.1964417 
49.0089618 8.3970760 112.1947708 
49.0089623 8.3970751 112.1932602 
49.0089627 8.3970744 112.1918030 
49.0089631 8.3970735 112.1895828 
49.0089634 8.3970728 112.1872330 
49.0089638 8.3970721 112.1850510 
49.0089642 8.3970713 112.1827927 
49.0089646 8.3970706 112.1809235 
49.0089650 8.3970698 112.1786880 
49.0089654 8.3970691 112.1765289 
49.0089658 8.3970683 112.1745682 
49.0089663 8.3970674 112.1725464 
49.0089667 8.3970667 112.1706390 
49.0089671 8.3970658 112.1685944 
49.0089675 8.3970651 112.1665878 
49.0089679 8.3970644 112.1644058 
49.0089683 8.3970636 112.1618805 
49.0089688 8.3970629 112.1598663 
49.0089692 8.3970622 112.1581421 
49.0089696 8.3970614 112.1564102 
49.0089700 8.3970607 112.1548386 
49.0089705 8.3970600 112.1529236 
49.0089709 8.3970593 112.1506119 
49.0089713 8.3970587 112.1481857 
49.0089717 8.3970579 112.1453247 
49.0089721 8.3970572 112.1428452 
49.0089726 8.3970564 112.1403198 
49.0089731 8.3970556 112.1379700 
49.0089736 8.3970547 112.1353302 
49.0089741 8.3970537 112.1320648 
49.0089747 8.3970528 112.1290817 
49.0089752 8.3970518 112.1260529 
49.0089758 8.3970507 112.1227722 
49.0089764 8.3970496 112.1198730 
49.0089771 8.3970484 112.1167831 
49.0089777 8.3970473 112.1139374 
49.0089783 8.3970461 112.1110382 
49.0089790 8.3970448 112.1077499 
49.0089797 8.3970435 112.1041031 
49.0089805 8.3970421 112.0998154 
49.0089813 8.3970407 112.0958557 
49.0089821 8.3970392 112.0918884 
49.0089830 8.3970375 112.0879669 
49.0089838 8.3970359 112.0846634 
49.0089847 8.3970342 112.0812454 
49.0089857 8.3970323 112.0775757 
49.0089866 8.3970306 112.0738907 
49.0089876 8.3970286 112.0691910 
49.0089886 8.3970267 112.0658646 
49.0089896 8.3970248 112.0630417 
49.0089908 8.3970225 112.0593567 
49.0089918 8.3970205 112.0559235 
49.0089930 8.3970181 112.0522690 
49.0089941 8.3970160 112.0491562 
49.0089953 8.3970137 112.0465546 
49.0089965 8.3970112 112.0439835 
49.0089977 8.3970089 112.0421448 
49.0089989 8.3970065 112.0412674 
49.0090002 8.3970039 112.0389481 
49.0090014 8.3970014 112.0358047 
49.0090028 8.3969987 112.0313873 
49.0090040 8.3969961 112.0276566 
49.0090053 8.3969935 112.0257950 
49.0090067 8.3969907 112.0239792 
49.0090080 8.3969881 112.0219116 
49.0090094 8.3969853 112.0185776 
49.0090107 8.3969827 112.0147400 
49.0090120 8.3969802 112.0114975 
49.0090135 8.3969774 112.0089417 
49.0090148 8.3969749 112.0066299 
49.0090162 8.3969724 112.0026169 
49.0090176 8.3969697 111.9985428 
49.0090189 8.3969672 111.9975052 
49.0090204 8.3969646 111.9970932 
49.0090217 8.3969623 111.9949036 
49.0090231 8.3969599 111.9911346 
49.0090246 8.3969573 111.9876938 
49.0090259 8.3969550 111.9841614 
49.0090273 8.3969526 111.9790115 
49.0090288 8.3969500 111.9730530 
49.0090301 8.3969477 111.9682617 
49.0090316 8.3969451 111.9626465 
49.0090329 8.3969427 111.9566879 
49.0090342 8.3969404 111.9510269 
49.0090356 8.3969378 111.9458771 
49.0090369 8.3969354 111.9420090 
49.0090382 8.3969330 111.9376450 
49.0090395 8.3969304 111.9340286 
49.0090407 8.3969280 111.9311829 
49.0090420 8.3969253 111.9247818 
49.0090432 8.3969229 111.9176254 
49.0090444 8.3969202 111.9110489 
49.0090456 8.3969172 111.9087219 
49.0090468 8.3969143 111.9105072 
49.0090479 8.3969113 111.9125671 
49.0090492 8.3969080 111.9132080 
49.0090504 8.3969047 111.9134369 
49.0090516 8.3969011 111.9140396 
49.0090527 8.3968977 111.9144821 
49.0090538 8.3968942 111.9153671 
49.0090550 8.3968902 111.9169998 
49.0090562 8.3968866 111.9189529 
49.0090574 8.3968825 111.9204025 
49.0090586 8.3968785 111.9212494 
49.0090598 8.3968744 111.9211197 
49.0090612 8.3968699 111.9205627 
49.0090624 8.3968659 111.9208374 
49.0090638 8.3968609 111.9222260 
49.0090650 8.3968563 111.9233246 
49.0090663 8.3968515 111.9240570 
49.0090679 8.3968465 111.9227600 
49.0090692 8.3968417 111.9218979 
49.0090709 8.3968369 111.9222336 
49.0090724 8.3968322 111.9221954 
49.0090739 8.3968274 111.9234924 
49.0090756 8.3968221 111.9270935 
49.0090772 8.3968173 111.9291077 
49.0090790 8.3968115 111.9293900 
49.0090806 8.3968065 111.9300385 
49.0090823 8.3968012 111.9300156 
49.0090843 8.3967956 111.9283981 
49.0090861 8.3967905 111.9302063 
49.0090879 8.3967851 111.9320374 
49.0090900 8.3967790 111.9345474 
49.0090918 8.3967736 111.9348907 
49.0090939 8.3967676 111.9347763 
49.0090959 8.3967621 111.9341278 
49.0090978 8.3967566 111.9321747 
49.0091000 8.3967505 111.9294052 
49.0091019 8.3967451 111.9246292 
49.0091039 8.3967392 111.9218521 
49.0091058 8.3967339 111.9224167 
49.0091075 8.3967286 111.9222641 
49.0091096 8.3967228 111.9214401 
49.0091114 8.3967175 111.9221268 
49.0091132 8.3967123 111.9192429 
49.0091153 8.3967065 111.9124756 
49.0091171 8.3967013 111.9079742 
49.0091192 8.3966956 111.9006577 
49.0091209 8.3966904 111.8942566 
49.0091224 8.3966853 111.8950958 
49.0091242 8.3966798 111.8962784 
49.0091259 8.3966748 111.8960724 
49.0091278 8.3966693 111.8958740 
49.0091296 8.3966643 111.8950500 
49.0091311 8.3966594 111.8958893 
49.0091330 8.3966540 111.8992615 
49.0091347 8.3966492 111.9013138 
49.0091364 8.3966444 111.9006577 
49.0091383 8.3966393 111.8975983 
49.0091400 8.3966346 111.8958054 
49.0091418 8.3966294 111.8965454 
49.0091434 8.3966249 111.8970642 
49.0091450 8.3966204 111.8982925 
49.0091468 8.3966156 111.8996506 
49.0091485 8.3966112 111.8996429 
49.0091500 8.3966064 111.9002304 
49.0091514 8.3966021 111.8996277 
49.0091527 8.3965980 111.8972702 
49.0091544 8.3965936 111.8942719 
49.0091554 8.3965894 111.8930511 
49.0091566 8.3965849 111.8915558 
49.0091574 8.3965807 111.8909836 
49.0091583 8.3965768 111.8900757 
49.0091592 8.3965726 111.8888321 
49.0091595 8.3965685 111.8873749 
49.0091596 8.3965643 111.8850784 
49.0091597 8.3965597 111.8820496 
49.0091601 8.3965559 111.8792953 
49.0091606 8.3965518 111.8780212 
49.0091610 8.3965482 111.8778000 
49.0091612 8.3965445 111.8773727 
49.0091619 8.3965408 111.8753967 
49.0091623 8.3965375 111.8733368 
49.0091630 8.3965343 111.8715439 
49.0091637 8.3965308 111.8713379 
49.0091644 8.3965278 111.8706436 
49.0091651 8.3965244 111.8705368 
49.0091659 8.3965215 111.8700562 
49.0091667 8.3965186 111.8701096 
49.0091670 8.3965150 111.8726425 
49.0091676 8.3965120 111.8745956 
49.0091679 8.3965086 111.8760757 
49.0091682 8.3965056 111.8757858 
49.0091680 8.3965024 111.8752213 
49.0091681 8.3964989 111.8741608 
49.0091680 8.3964957 111.8732300 
49.0091681 8.3964927 111.8718719 
49.0091680 8.3964893 111.8705826 
49.0091675 8.3964858 111.8725739 
49.0091670 8.3964819 111.8761063 
49.0091668 8.3964787 111.8791428 
49.0091667 8.3964756 111.8807602 
49.0091666 8.3964722 111.8805161 
49.0091663 8.3964690 111.8823013 
49.0091732 8.3964677 111.7924881 
49.0091766 8.3964656 111.6891861 
49.0091767 8.3964624 111.6408691 
49.0091771 8.3964593 111.6100006 
49.0091763 8.3964559 111.6973953 
49.0091763 8.3964529 111.7519226 
49.0091755 8.3964495 111.8306351 
49.0091761 8.3964466 111.7687683 
49.0091766 8.3964434 111.6790085 
49.0091768 8.3964406 111.6449203 
49.0091771 8.3964379 111.6148071 
49.0091773 8.3964349 111.5892258 
49.0091777 8.3964323 111.5821228 
49.0091783 8.3964295 111.6003876 
49.0091787 8.3964270 111.6347961 
49.0091791 8.3964244 111.6396790 
49.0091798 8.3964218 111.6197815 
49.0091804 8.3964196 111.6036453 
49.0091809 8.3964172 111.6184082 
49.0091813 8.3964150 111.6427078 
49.0091818 8.3964130 111.6551590 
49.0091822 8.3964108 111.6871109 
49.0091827 8.3964090 111.7046661 
49.0091833 8.3964069 111.7632446 
49.0091840 8.3964052 111.8154678 
49.0091846 8.3964035 111.8603363 
49.0091853 8.3964017 111.9577484 
49.0091859 8.3964001 112.0297165 
49.0091865 8.3963984 112.0832596 
49.0091870 8.3963968 112.0814972 
49.0091876 8.3963952 112.0714340 
49.0091881 8.3963935 112.0147705 
49.0091884 8.3963920 111.9394608 
49.0091888 8.3963904 111.9695511 
49.0091892 8.3963887 112.0032501 
49.0091896 8.3963872 112.0238037 
49.0091901 8.3963856 112.0468140 
49.0091906 8.3963841 112.0604782 
49.0091908 8.3963825 112.0573654 
49.0091911 8.3963809 112.0668640 
49.0091916 8.3963794 112.1104965 
49.0091923 8.3963777 112.1547699 
49.0091928 8.3963762 112.1803513 
49.0091927 8.3963746 112.2535706 
49.0091930 8.3963729 112.3005142 
49.0091933 8.3963714 112.3149490 
49.0091937 8.3963696 112.2914505 
49.0091939 8.3963680 112.2976685 
49.0091942 8.3963665 112.3263397 
49.0091947 8.3963647 112.3368835 
49.0091952 8.3963632 112.3320923 
49.0091955 8.3963616 112.3144989 
49.0091957 8.3963598 112.2983780 
49.0091958 8.3963582 112.2653732 
49.0091958 8.3963564 112.1975555 
49.0091959 8.3963547 112.1417999 
49.0091962 8.3963532 112.1019516 
49.0091965 8.3963514 112.1013184 
49.0091965 8.3963497 112.1065979 
49.0091967 8.3963480 112.0738983 
49.0091970 8.3963464 112.0279541 
49.0091973 8.3963449 111.9896469 
49.0091977 8.3963432 111.9618301 
49.0091981 8.3963418 111.9291840 
49.0091987 8.3963402 111.8731613 
49.0091992 8.3963388 111.8136597 
49.0091998 8.3963374 111.7613297 
49.0092003 8.3963359 111.7186584 
49.0092009 8.3963345 111.6950150 
49.0092015 8.3963331 111.6562729 
49.0092020 8.3963318 111.6215820 
49.0092026 8.3963304 111.6042175 
49.0092033 8.3963289 111.6101532 
49.0092039 8.3963275 111.6090088 
49.0092044 8.3963260 111.5980530 
49.0092048 8.3963246 111.5613022 
49.0092050 8.3963232 111.5347214 
49.0092053 8.3963216 111.5298386 
49.0092058 8.3963201 111.5303192 
49.0092062 8.3963186 111.5430908 
49.0092065 8.3963168 111.5476913 
49.0092067 8.3963153 111.5546112 
49.0092071 8.3963135 111.5805664 
49.0092076 8.3963119 111.6036377 
49.0092081 8.3963103 111.6297226 
49.0092087 8.3963086 111.6502304 
49.0092093 8.3963070 111.7124481 
49.0092100 8.3963052 111.7605362 
49.0092105 8.3963036 111.8053513 
49.0092111 8.3963020 111.8317871 
49.0092118 8.3963002 111.8673401 
49.0092123 8.3962985 111.9057617 
49.0092128 8.3962967 111.9509354 
49.0092134 8.3962951 111.9814301 
49.0092138 8.3962936 112.0045242 
49.0092141 8.3962921 112.0195999 
49.0092144 8.3962908 112.0390244 
49.0092145 8.3962897 112.0499954 
49.0092147 8.3962886 112.0496674 
49.0092149 8.3962878 112.0569763 
49.0092151 8.3962871 112.0760117 
49.0092152 8.3962866 112.0913849 
49.0092152 8.3962863 112.0990753 
49.0092151 8.3962861 112.1074142 
49.0092151 8.3962862 112.1226807 
49.0092148 8.3962861 112.1489639 
49.0092146 8.3962860 112.1603470 
49.0092144 8.3962860 112.1637650 
49.0092142 8.3962859 112.1604004 
49.0092141 8.3962858 112.1657486 
49.0092139 8.3962858 112.1897430 
49.0092138 8.3962858 112.2102890 
49.0092136 8.3962857 112.2219391 
49.0092134 8.3962857 112.2179565 
49.0092132 8.3962856 112.2215347 
49.0092131 8.3962855 112.2338791 
49.0092130 8.3962855 112.2519455 
49.0092129 8.3962855 112.2604218 
49.0092128 8.3962855 112.2688370 
49.0092127 8.3962854 112.2744141 
49.0092125 8.3962854 112.2813339 
49.0092123 8.3962853 112.2803040 
49.0092122 8.3962853 112.2780457 
49.0092120 8.3962852 112.2757874 
49.0092119 8.3962852 112.2787628 
49.0092118 8.3962851 112.2891846 
49.0092117 8.3962850 112.2973022 
49.0092115 8.3962849 112.3143387 
49.0092114 8.3962849 112.3237457 
49.0092113 8.3962848 112.3522797 
49.0092112 8.3962847 112.3738785 
49.0092110 8.3962846 112.4014740 
49.0092109 8.3962846 112.4232025 
49.0092108 8.3962845 112.4458466 
49.0092107 8.3962844 112.4688034 
49.0092105 8.3962842 112.4877319 
49.0092104 8.3962841 112.5081863 
49.0092103 8.3962841 112.5380936 
49.0092100 8.3962840 112.5895004 
49.0092098 8.3962838 112.6449356 
49.0092096 8.3962838 112.7252884 
49.0092094 8.3962837 112.7547607 
49.0092093 8.3962836 112.8110657 
49.0092092 8.3962836 112.8501434 
49.0092089 8.3962835 112.9079819 
49.0092087 8.3962834 112.9431992 
49.0092086 8.3962833 112.9863358 
49.0092084 8.3962833 113.0069275 
49.0092082 8.3962832 113.0340958 
49.0092081 8.3962831 113.0549850 
49.0092079 8.3962830 113.0726700 
49.0092077 8.3962830 113.0943146 
49.0092076 8.3962829 113.1102676 
49.0092074 8.3962828 113.1347427 
49.0092071 8.3962827 113.1569977 
49.0092069 8.3962826 113.1887436 
49.0092067 8.3962826 113.2097855 
49.0092066 8.3962825 113.2344971 
49.0092063 8.3962824 113.2605362 
49.0092060 8.3962823 113.2896729 
49.0092058 8.3962822 113.3087692 
49.0092056 8.3962822 113.3262329 
49.0092055 8.3962821 113.3340683 
49.0092053 8.3962820 113.3454056 
49.0092050 8.3962819 113.3597107 
49.0092048 8.3962819 113.3688736 
49.0092046 8.3962818 113.3855438 
49.0092044 8.3962817 113.4043884 
49.0092041 8.3962817 113.4290314 
49.0092039 8.3962816 113.4453583 
49.0092037 8.3962815 113.4620209 
49.0092036 8.3962815 113.4747162 
49.0092034 8.3962814 113.4930801 
49.0092032 8.3962813 113.5069199 
49.0092029 8.3962813 113.5187454 
49.0092028 8.3962812 113.5268707 
49.0092026 8.3962812 113.5352402 
49.0092024 8.3962811 113.5498810 
49.0092023 8.3962810 113.5614319 
49.0092021 8.3962810 113.5743256 
49.0092020 8.3962809 113.5813904 
49.0092019 8.3962809 113.5875244 
49.0092017 8.3962808 113.5981827 
49.0092015 8.3962808 113.6171570 
49.0092014 8.3962807 113.6282654 
49.0092013 8.3962807 113.6402740 
49.0092012 8.3962807 113.6475067 
49.0092010 8.3962806 113.6678848 
49.0092009 8.3962805 113.6825562 
49.0092008 8.3962804 113.6963654 
49.0092007 8.3962802 113.7064896 
49.0092007 8.3962800 113.7182617 
49.0092007 8.3962797 113.7403870 
49.0092007 8.3962793 113.7528915 
49.0092008 8.3962788 113.7686996 
49.0092009 8.3962782 113.7791443 
49.0092010 8.3962774 113.7928085 
49.0092013 8.3962763 113.8045044 
49.0092016 8.3962750 113.8157043 
49.0092021 8.3962734 113.8225327 
49.0092027 8.3962718 113.8339081 
49.0092033 8.3962699 113.8481674 
49.0092039 8.3962676 113.8694839 
49.0092046 8.3962654 113.8852615 
49.0092055 8.3962629 113.9020996 
49.0092063 8.3962604 113.9114990 
49.0092072 8.3962578 113.9295349 
49.0092082 8.3962549 113.9518051 
49.0092091 8.3962522 113.9673843 
49.0092101 8.3962492 113.9826889 
49.0092110 8.3962465 113.9890671 
49.0092118 8.3962439 114.0106354 
49.0092125 8.3962412 114.0388184 
49.0092130 8.3962391 114.0652924 
49.0092135 8.3962372 114.0779419 
49.0092139 8.3962355 114.0919189 
49.0092143 8.3962342 114.1068802 
49.0092147 8.3962328 114.1225662 
49.0092150 8.3962314 114.1335831 
49.0092154 8.3962301 114.1423492 
49.0092158 8.3962286 114.1550140 
49.0092162 8.3962273 114.1698380 
49.0092166 8.3962257 114.1870575 
49.0092169 8.3962243 114.1977615 
49.0092173 8.3962229 114.2099991 
49.0092178 8.3962214 114.2240601 
49.0092182 8.3962199 114.2420120 
49.0092186 8.3962183 114.2502670 
49.0092190 8.3962162 114.2585220 
49.0092196 8.3962142 114.2634201 
49.0092202 8.3962118 114.2776413 
49.0092208 8.3962094 114.2904053 
49.0092215 8.3962068 114.2998047 
49.0092222 8.3962038 114.3113022 
49.0092229 8.3962010 114.3177414 
49.0092237 8.3961977 114.3420181 
49.0092245 8.3961946 114.3637009 
49.0092252 8.3961914 114.3884811 
49.0092260 8.3961879 114.4049377 
49.0092267 8.3961847 114.4181747 
49.0092273 8.3961815 114.4322510 
49.0092281 8.3961779 114.4478149 
49.0092288 8.3961748 114.4602661 
49.0092297 8.3961713 114.4722672 
49.0092304 8.3961682 114.4837723 
49.0092312 8.3961650 114.4967041 
49.0092320 8.3961615 114.5079727 
49.0092329 8.3961583 114.5072098 
49.0092339 8.3961546 114.5089188 
49.0092348 8.3961512 114.5162735 
49.0092357 8.3961477 114.5300522 
49.0092369 8.3961438 114.5471497 
49.0092380 8.3961402 114.5678787 
49.0092392 8.3961363 114.5772247 
49.0092402 8.3961326 114.5904846 
49.0092412 8.3961288 114.5995255 
49.0092424 8.3961246 114.6125031 
49.0092436 8.3961207 114.6186447 
49.0092449 8.3961162 114.6217957 
49.0092461 8.3961121 114.6220856 
49.0092474 8.3961078 114.6171722 
49.0092488 8.3961031 114.6254959 
49.0092500 8.3960986 114.6335373 
49.0092514 8.3960937 114.6380997 
49.0092528 8.3960892 114.6459732 
49.0092541 8.3960845 114.6539841 
49.0092557 8.3960793 114.6508179 
49.0092571 8.3960744 114.6576920 
49.0092587 8.3960689 114.6725922 
49.0092602 8.3960638 114.7169266 
49.0092617 8.3960587 114.7579346 
49.0092635 8.3960529 114.7908325 
49.0092651 8.3960476 114.8065643 
49.0092669 8.3960415 114.8302002 
49.0092685 8.3960359 114.8509064 
49.0092702 8.3960302 114.8706818 
49.0092721 8.3960241 114.8979111 
49.0092738 8.3960183 114.9171753 
49.0092758 8.3960118 114.9499893 
49.0092777 8.3960057 114.9749756 
49.0092796 8.3959996 115.0009766 
49.0092817 8.3959928 115.0173569 
49.0092837 8.3959865 115.0355072 
49.0092860 8.3959796 115.0485382 
49.0092880 8.3959732 115.0627747 
49.0092902 8.3959667 115.0719910 
49.0092925 8.3959596 115.0820389 
49.0092946 8.3959530 115.0890579 
49.0092970 8.3959457 115.0932083 
49.0092992 8.3959389 115.0938721 
49.0093014 8.3959321 115.0958710 
49.0093038 8.3959245 115.1011963 
49.0093059 8.3959176 115.1060028 
49.0093081 8.3959107 115.1113358 
49.0093104 8.3959030 115.1145706 
49.0093125 8.3958961 115.1147156 
49.0093149 8.3958884 115.1148987 
49.0093170 8.3958813 115.1167145 
49.0093191 8.3958743 115.1195831 
49.0093214 8.3958666 115.1231079 
49.0093235 8.3958595 115.1236191 
49.0093258 8.3958517 115.1232529 
49.0093280 8.3958447 115.1281815 
49.0093301 8.3958377 115.1404343 
49.0093324 8.3958299 115.1528244 
49.0093345 8.3958229 115.1563873 
49.0093368 8.3958151 115.1585464 
49.0093390 8.3958081 115.1617355 
49.0093411 8.3958010 115.1656799 
49.0093435 8.3957932 115.1692276 
49.0093457 8.3957862 115.1737900 
49.0093481 8.3957784 115.1770020 
49.0093503 8.3957712 115.1783295 
49.0093525 8.3957641 115.1828766 
49.0093550 8.3957563 115.1909637 
49.0093572 8.3957492 115.1969452 
49.0093597 8.3957414 115.1988068 
49.0093619 8.3957344 115.1998825 
49.0093641 8.3957273 115.2033386 
49.0093666 8.3957196 115.2085571 
49.0093688 8.3957126 115.2124786 
49.0093713 8.3957049 115.2158279 
49.0093735 8.3956980 115.2175369 
49.0093757 8.3956911 115.2188339 
49.0093782 8.3956835 115.2220001 
49.0093804 8.3956765 115.2256317 
49.0093825 8.3956697 115.2286758 
49.0093849 8.3956623 115.2303848 
49.0093870 8.3956557 115.2304153 
49.0093892 8.3956487 115.2294235 
49.0093911 8.3956424 115.2301788 
49.0093930 8.3956364 115.2329865 
49.0093951 8.3956300 115.2363815 
49.0093968 8.3956244 115.2409363 
49.0093987 8.3956183 115.2463074 
49.0094003 8.3956129 115.2469406 
49.0094020 8.3956075 115.2468414 
49.0094038 8.3956016 115.2507172 
49.0094055 8.3955962 115.2548828 
49.0094071 8.3955909 115.2569046 
49.0094088 8.3955851 115.2593460 
49.0094104 8.3955799 115.2641068 
49.0094121 8.3955741 115.2690964 
49.0094137 8.3955690 115.2718582 
49.0094153 8.3955638 115.2740936 
49.0094170 8.3955583 115.2787399 
49.0094186 8.3955533 115.2843475 
49.0094203 8.3955478 115.2888565 
49.0094218 8.3955428 115.2911987 
49.0094233 8.3955379 115.2944794 
49.0094249 8.3955325 115.3007507 
49.0094264 8.3955278 115.3065567 
49.0094279 8.3955230 115.3111801 
49.0094296 8.3955178 115.3143463 
49.0094311 8.3955131 115.3163071 
49.0094327 8.3955079 115.3191147 
49.0094341 8.3955032 115.3224716 
49.0094356 8.3954986 115.3272629 
49.0094372 8.3954936 115.3343124 
49.0094387 8.3954891 115.3393631 
49.0094401 8.3954846 115.3415375 
49.0094417 8.3954797 115.3428879 
49.0094432 8.3954753 115.3456192 
49.0094447 8.3954704 115.3512192 
49.0094462 8.3954660 115.3557510 
49.0094476 8.3954616 115.3574905 
49.0094492 8.3954568 115.3569870 
49.0094506 8.3954524 115.3562469 
49.0094520 8.3954481 115.3578568 
49.0094536 8.3954432 115.3599625 
49.0094551 8.3954388 115.3591766 
49.0094567 8.3954339 115.3607330 
49.0094582 8.3954295 115.3636551 
49.0094596 8.3954250 115.3669205 
49.0094612 8.3954202 115.3694153 
49.0094627 8.3954158 115.3714294 
49.0094643 8.3954110 115.3728485 
49.0094658 8.3954066 115.3730927 
49.0094672 8.3954022 115.3738937 
49.0094688 8.3953975 115.3740387 
49.0094703 8.3953931 115.3723984 
49.0094718 8.3953887 115.3713913 
49.0094734 8.3953839 115.3727646 
49.0094749 8.3953795 115.3756638 
49.0094766 8.3953747 115.3792191 
49.0094780 8.3953703 115.3815613 
49.0094795 8.3953659 115.3823318 
49.0094811 8.3953611 115.3823624 
49.0094826 8.3953567 115.3845901 
49.0094841 8.3953524 115.3887100 
49.0094856 8.3953478 115.3939819 
49.0094870 8.3953439 115.3960037 
49.0094884 8.3953397 115.3987579 
49.0094896 8.3953362 115.4030991 
49.0094907 8.3953329 115.4075089 
49.0094918 8.3953295 115.4116211 
49.0094928 8.3953266 115.4155350 
49.0094937 8.3953240 115.4190979 
49.0094947 8.3953215 115.4208069 
49.0094954 8.3953194 115.4212723 
49.0094962 8.3953173 115.4214020 
49.0094969 8.3953155 115.4220810 
49.0094975 8.3953138 115.4220047 
49.0094981 8.3953121 115.4259186 
49.0094988 8.3953105 115.4330292 
49.0094994 8.3953089 115.4406662 
49.0095000 8.3953075 115.4463196 
49.0095005 8.3953062 115.4507294 
49.0095011 8.3953047 115.4539719 
49.0095016 8.3953034 115.4551010 
49.0095021 8.3953021 115.4553070 
49.0095026 8.3953007 115.4587402 
49.0095032 8.3952993 115.4637299 
49.0095037 8.3952980 115.4667053 
49.0095042 8.3952968 115.4653778 
49.0095047 8.3952956 115.4628220 
49.0095052 8.3952944 115.4649506 
49.0095056 8.3952934 115.4715805 
49.0095061 8.3952924 115.4788055 
49.0095065 8.3952915 115.4831924 
49.0095069 8.3952906 115.4860916 
49.0095073 8.3952896 115.4888840 
49.0095077 8.3952889 115.4920654 
49.0095080 8.3952882 115.4958878 
49.0095084 8.3952876 115.4999847 
49.0095087 8.3952871 115.5035248 
49.0095089 8.3952866 115.5071335 
49.0095092 8.3952863 115.5103531 
49.0095094 8.3952860 115.5135117 
49.0095097 8.3952857 115.5170135 
49.0095099 8.3952855 115.5203705 
49.0095101 8.3952853 115.5238876 
49.0095103 8.3952851 115.5270081 
49.0095105 8.3952849 115.5301590 
49.0095107 8.3952848 115.5334625 
49.0095109 8.3952846 115.5364227 
49.0095111 8.3952844 115.5395432 
49.0095114 8.3952841 115.5433044 
49.0095116 8.3952838 115.5468292 
49.0095119 8.3952834 115.5507431 
49.0095122 8.3952831 115.5543900 
49.0095125 8.3952826 115.5577927 
49.0095128 8.3952821 115.5616608 
49.0095131 8.3952817 115.5654831 
49.0095135 8.3952811 115.5697174 
49.0095138 8.3952806 115.5728683 
49.0095142 8.3952800 115.5758209 
49.0095146 8.3952793 115.5790329 
49.0095150 8.3952786 115.5821991 
49.0095154 8.3952778 115.5858307 
49.0095159 8.3952769 115.5903244 
49.0095164 8.3952761 115.5943909 
49.0095169 8.3952751 115.5983429 
49.0095173 8.3952742 115.6011047 
49.0095178 8.3952733 115.6036453 
49.0095183 8.3952722 115.6070938 
49.0095189 8.3952712 115.6108398 
49.0095194 8.3952700 115.6147232 
49.0095200 8.3952689 115.6177139 
49.0095205 8.3952678 115.6207352 
49.0095211 8.3952666 115.6244965 
49.0095217 8.3952654 115.6277161 
49.0095223 8.3952643 115.6306229 
49.0095229 8.3952629 115.6334076 
49.0095234 8.3952618 115.6358566 
49.0095240 8.3952607 115.6400070 
49.0095244 8.3952599 115.6435547 
49.0095249 8.3952593 115.6461563 
49.0095252 8.3952588 115.6487885 
49.0095255 8.3952586 115.6514740 
49.0095257 8.3952586 115.6555786 
49.0095259 8.3952587 115.6595535 
49.0095261 8.3952588 115.6631622 
49.0095263 8.3952589 115.6666718 
49.0095265 8.3952589 115.6692505 
49.0095267 8.3952590 115.6720734 
49.0095269 8.3952590 115.6755371 
49.0095271 8.3952591 115.6791992 
49.0095274 8.3952592 115.6824493 
49.0095276 8.3952592 115.6853867 
49.0095278 8.3952593 115.6886749 
49.0095280 8.3952593 115.6921844 
49.0095279 8.3952591 115.6949234 
49.0095273 8.3952588 115.6972580 
49.0095268 8.3952585 115.6994553 
