0.1855889 0.4659199 9.8180928 
0.0133904 0.2207844 9.7511320 
-0.0363090 0.1263751 9.8278351 
-0.0050850 0.3300360 9.9515767 
-0.2382625 0.2408188 9.8338966 
-0.6073198 0.1319594 9.5707371 
-0.8406160 0.5407659 9.7264107 
-0.7789698 0.4131815 9.7228672 
-0.7210351 0.1001801 9.6341999 
-0.7924746 0.2606690 9.8876793 
-0.8375067 0.2439961 9.9328966 
-0.8562481 0.2616852 9.9577786 
-0.8671207 0.3330900 9.7944881 
-0.8489761 0.1836221 9.6764352 
-0.2865486 0.0802252 9.6715215 
0.1813801 0.3407341 9.7406281 
0.3225518 0.4668297 9.8023386 
0.3581663 0.2528063 9.8623279 
0.3358904 0.2461613 9.8126051 
0.2672098 0.4197659 9.8385226 
0.2736111 0.2886297 9.7877882 
0.2700200 0.3523244 9.7938104 
0.2467634 0.2879692 9.6971130 
0.2843637 0.1871553 9.6410625 
0.3489027 0.2736803 9.8651605 
0.4499926 0.1526381 9.9077734 
0.5860500 0.2005717 9.9455853 
0.7357590 0.3105632 9.8675557 
0.8773179 0.2087901 9.8399528 
0.9349057 0.1463880 9.9957756 
1.0322941 0.3819403 9.7370821 
0.9001223 0.3998022 9.7692447 
0.9046750 0.1532929 9.3056180 
0.8911357 0.5334390 9.7417743 
0.8790199 0.2616571 9.7355872 
0.8177073 0.0958713 9.5845242 
0.6695329 0.3311690 9.6888104 
0.7294195 0.8781892 9.3959537 
0.6918044 0.6615091 9.9295098 
0.7974984 0.1280282 10.6193104 
0.8856178 0.0031075 10.3043155 
0.6027196 0.3348163 9.8067129 
0.4372155 0.6623918 9.9002824 
0.3265789 0.5678312 9.5222405 
0.2392221 0.3919051 9.6377074 
0.2832899 0.6625386 9.9061322 
0.1229170 0.4259380 10.0285405 
0.2073929 0.4652591 9.6970579 
0.0609259 0.2660641 9.1498014 
0.0393401 0.2696839 9.7305000 
0.1124680 0.3220126 10.2408010 
0.0715007 -0.1034234 10.1285687 
0.0260559 -0.2266723 10.0441862 
-0.0796936 -0.1557823 9.7466633 
-0.0485518 0.3600905 9.6228930 
-0.1161720 0.7381674 9.6899420 
-0.1510161 0.1645555 9.8387513 
-0.1280631 0.0103650 9.7264596 
-0.1639076 0.0225565 10.0475391 
-0.1818621 -0.0225561 9.8850048 
-0.2342726 -0.0852708 9.7842389 
-0.2230870 0.1639620 9.7938294 
-0.1258276 0.3791292 9.8273298 
-0.3563423 0.3420404 9.9008720 
-0.8785602 0.6083359 9.7872516 
-1.5091319 0.5800791 9.7348974 
-1.6673738 0.1938087 9.8061396 
-1.7389688 0.0734432 9.7568312 
-1.7816003 0.1740326 9.8072406 
-1.7552362 0.0609038 9.8204475 
-1.7414914 0.2821088 9.8010547 
-1.8415992 0.2541221 9.4140308 
-1.9945950 0.7902459 9.9554198 
-1.9830204 0.4380950 9.9887429 
-1.9727004 0.1682348 9.8033872 
-2.0930089 0.2158707 9.6837985 
-2.2352745 0.5777210 9.8895505 
-2.1991577 0.4839327 9.8498586 
-1.7854382 0.2557662 9.5936187 
-0.8088440 0.2965006 9.6016851 
-0.2214060 0.2718073 9.8020459 
0.0735536 0.2915806 9.8987795 
0.1546378 0.4423808 9.9069657 
0.1505397 0.4282330 9.8281247 
0.1247946 0.4376926 9.8328493 
0.1490303 0.3545808 9.8101527 
0.1125501 0.3472716 9.7962015 
0.1365733 0.3803831 9.7709255 
0.2202411 0.4430101 9.7800157 
0.3063815 0.5254251 9.7978053 
0.4024825 0.4389446 9.7964154 
0.5064388 0.4079607 9.7982872 
0.6380748 0.3838630 9.7705502 
0.7832021 0.4575406 9.8334648 
0.9165236 0.4567435 9.8155000 
0.9015208 0.5147140 9.8819097 
0.9347632 0.4809958 9.8614265 
1.0607236 0.4268041 9.7690762 
1.0772925 0.5145035 9.8518444 
1.0575068 0.5532671 9.8656502 
1.0533545 0.5645124 9.8043343 
1.0578120 0.4596262 9.7791922 
1.0482797 0.5316712 9.8418068 
1.0913651 0.5780220 9.7827024 
1.1567423 0.5262796 9.6934439 
1.2875181 0.4992185 9.7832296 
1.3759759 0.4285070 9.8764799 
1.4409217 0.4485604 9.8476746 
1.3843281 0.4131588 9.7953504 
1.3945654 0.0681695 9.7327339 
1.4400305 0.1590301 9.6431243 
1.3545520 0.4078966 9.7816722 
1.2977083 0.4959328 9.9944610 
1.1603174 0.2711558 9.9496426 
0.7994715 0.1169700 10.0137819 
0.4261460 0.3564898 9.8172138 
0.1774652 0.3244164 9.9176149 
0.0438806 0.1490289 9.7146869 
0.0578298 0.4305087 9.4862926 
0.0455261 0.3558213 9.4031822 
0.0755826 0.2032197 9.5401217 
0.1004758 0.1739908 9.8377806 
0.1330843 0.3833079 9.8474320 
0.0893933 0.2941076 10.0865364 
0.0928527 0.2351312 9.9514658 
0.0953827 0.3978759 9.8728476 
-0.0636115 0.1482291 9.7138101 
-0.1664962 0.1674939 9.6405140 
-0.2424224 0.3087428 9.7668635 
-0.4070549 0.3035970 9.8557284 
-0.3286404 0.1495605 9.9433388 
-0.3233982 0.1420821 9.8208420 
-0.2875087 0.2222678 9.6335899 
-0.4339964 0.1792284 9.8230004 
-0.3911717 0.2019830 9.7220629 
-0.3057120 0.2551711 9.9936662 
-0.3720449 0.0982642 9.9212721 
-0.3647663 0.1706089 9.8928924 
-0.3283758 0.2949202 9.6294750 
-0.2913496 0.1629288 9.6352258 
-0.2275744 -0.0901483 10.1389312 
-0.1535145 0.2809519 9.9493883 
0.1449146 0.2602956 9.6226322 
0.1889854 0.1056340 9.7853085 
0.1272061 0.4148190 9.9209461 
0.0413712 0.5311701 9.7854586 
0.0108166 0.2111060 9.6396207 
0.0818148 0.0150937 9.6593225 
0.1072884 0.0149734 9.7191689 
0.2020993 0.0737675 9.9584099 
0.1834557 -0.0176906 10.0664219 
0.1373163 0.4581213 10.0659997 
0.0337620 0.3764727 9.9664352 
-0.2566813 0.2047134 9.8202807 
-0.3590689 0.3609329 9.6696202 
-0.4785110 0.3631841 9.9678477 
-0.3880684 0.1447276 9.3100861 
-0.4562015 -0.1731673 9.3740835 
-0.4231884 0.3741786 9.5815714 
-0.4612480 0.1007732 9.3320585 
-0.3203549 0.5374958 10.1944878 
-0.3102637 0.6291478 10.2993642 
-0.3775022 0.2622243 9.9087724 
-0.4576865 0.1018518 9.4706105 
-0.4317776 -0.0319567 9.7308323 
-0.3764700 0.1909871 9.8419864 
-0.3308032 0.4783310 9.8777191 
-0.3788626 0.2538814 9.8327068 
-0.3970287 0.1462340 9.7733119 
-0.3793435 0.2089756 9.8288521 
-0.4214997 0.3175514 9.9189392 
-0.4516749 0.2508957 9.8736476 
-0.4457017 0.2706187 9.7277577 
-0.4362537 0.2787721 9.7117236 
-0.4244279 0.2557105 9.8066263 
-0.4237395 0.2002782 9.9120452 
-0.3896152 0.2302230 9.9389974 
-0.4066332 0.3911619 9.8604185 
-0.5046359 0.4650992 9.9110458 
-0.6064138 0.3876879 9.8654016 
-0.7103265 0.3625065 9.7828789 
-0.7664823 0.3431903 9.7609428 
-0.6882458 0.2903426 9.7477754 
-0.5405964 0.2721440 9.8061792 
-0.4901628 0.3933598 9.7044296 
-0.4837611 0.3328373 9.6262161 
-0.4256543 0.3361559 9.8616054 
-0.3745314 0.4504508 9.9396841 
-0.3685327 0.5371019 9.8785105 
-0.4098788 0.4490697 9.8019611 
-0.4951776 0.3778486 9.8012784 
-0.5620847 0.3719010 9.8295175 
-0.4887120 0.3237125 9.7997233 
-0.3709148 0.3190766 9.8565515 
-0.3183975 0.3277629 9.9117963 
-0.3254230 0.2877434 9.8681203 
-0.3152434 0.3354170 9.7497855 
-0.3138987 0.4617632 9.6633297 
-0.3019444 0.5294650 9.7207423 
-0.2758788 0.5094184 9.7679596 
-0.2802759 0.4243588 9.8455655 
-0.2727274 0.4115143 9.8247943 
-0.3166765 0.4043755 9.7688564 
-0.3118519 0.3664512 9.6538394 
-0.2737114 0.4486877 9.5927022 
-0.2550147 0.5061242 9.7412929 
-0.2186142 0.4470736 9.8486188 
-0.2064439 0.3944180 9.9171497 
-0.2052178 0.3615368 9.8552225 
-0.1906435 0.4254102 9.7819844 
-0.1847771 0.3832130 9.7209967 
-0.1820444 0.3548091 9.7201625 
-0.1934389 0.3068697 9.7981740 
-0.2161423 0.3074799 9.9372769 
-0.2250329 0.3883134 9.8977099 
-0.2703744 0.4888310 9.7967226 
-0.2793499 0.4496998 9.7523112 
-0.2602580 0.4712768 9.7534355 
-0.2308312 0.4301705 9.7652656 
-0.2343630 0.3692545 9.7706002 
-0.1823662 0.4718687 9.7543145 
-0.1861889 0.3897978 9.7691344 
-0.1954321 0.3124223 9.7935134 
-0.2028692 0.3845595 9.7957839 
-0.1839782 0.4553753 9.8047579 
-0.1795979 0.4113403 9.8409731 
-0.1400022 0.4706601 9.8639453 
-0.1114229 0.3963030 9.8624722 
-0.1570059 0.3056872 9.8476279 
-0.1290710 0.3535239 9.7730226 
-0.1320810 0.4308561 9.7466007 
-0.2085280 0.3009575 9.6553852 
-0.1593640 0.2272790 9.7581085 
-0.1378051 0.2791132 9.8969261 
-0.1798427 0.2895876 9.9058800 
-0.2217692 0.2939882 9.8466451 
-0.1334801 0.2662337 9.7808801 
-0.0225809 0.2780554 9.7573089 
-0.0035097 0.1532925 9.6975924 
-0.0307317 0.2004927 9.8700924 
-0.0296171 0.3742083 9.7478361 
-0.0320143 0.4092868 9.8343847 
-0.0774079 0.3840730 9.9795529 
-0.0740228 0.3874626 9.8614655 
0.0078364 0.3664802 9.8786991 
0.0758783 0.3058942 9.9209351 
-0.1637840 0.2820803 9.9570117 
-0.2250256 0.4949259 9.7208450 
-0.0981148 0.7829917 9.6483199 
-0.0909344 0.6101544 9.6934708 
-0.0400612 0.3311047 9.8112678 
-0.0678602 0.5459256 9.7885877 
0.0096075 0.5865051 9.7907085 
0.1062069 0.3241396 9.8941004 
0.0040048 -0.0544582 9.9250860 
0.0569750 0.0276101 9.6544628 
0.1309201 0.1987808 9.5427826 
0.0124128 0.4289972 10.0478433 
0.1257479 0.6624280 10.1563110 
-0.1070602 0.3309083 9.7619901 
-0.0948754 -0.0422193 9.8057240 
0.0603474 0.1928101 9.7400762 
0.0188728 0.7818377 9.7491263 
0.1478885 0.3643515 9.7268909 
0.1371621 0.2153995 9.5338346 
-0.0522299 -0.1042646 9.9951573 
0.0534636 0.4990379 9.6125591 
0.0192334 0.2891738 9.5858591 
-0.0176642 0.2141465 9.8946196 
0.1065488 0.0824222 9.7301241 
0.2081647 -0.0727818 10.3758898 
-0.0187023 0.1896839 9.8510401 
-0.0593712 0.4005513 9.3874726 
0.1320666 0.3248328 9.5836173 
0.3143117 0.4532405 9.6228474 
0.2501203 0.5748362 9.5579444 
0.2209751 0.6760161 10.1178592 
0.3174118 0.3249130 9.6320168 
0.3198645 -0.1477482 10.3348351 
0.3397714 -0.3085800 10.2608170 
0.1386393 0.1545317 9.4617827 
-0.1489657 0.6309767 9.5457255 
0.0428206 0.4780439 10.0530017 
-0.3243436 -0.0936508 9.1807209 
-0.2124412 0.1341529 9.4171771 
-0.2064105 0.5645934 9.9336224 
-0.3649238 0.7544441 10.0427683 
-0.8112109 0.2122337 9.7625152 
-1.0751314 0.0210345 9.8697561 
-1.2636487 0.0752985 9.2789183 
-1.2571110 0.1002942 9.7342018 
-0.9976805 0.2843685 9.9446044 
-0.3166969 0.2423378 9.6460426 
-0.3968495 0.1389278 9.9976046 
-0.3427146 0.0607186 10.0489924 
-0.2617341 0.2898250 9.4235680 
-0.3901734 0.5733891 9.8089808 
-0.3699538 0.2401388 9.7777560 
-0.3497342 -0.0931116 9.7465313 
-0.3000040 0.2504250 9.5048760 
-0.2059781 0.6217565 10.1303799 
-0.1801545 0.1179831 9.4018491 
-0.1629037 0.3397670 9.8196899 
-0.0434853 0.4812820 9.6627244 
-0.0637757 0.4383270 10.2416791 
-0.0254188 0.3118941 10.1742780 
-0.2340061 0.4495670 9.8972545 
-0.8824923 0.6636972 9.7025598 
-1.8576620 -0.2472081 9.6639289 
-2.1051101 0.1259962 9.6920634 
-1.9570608 0.4036986 9.9656737 
-1.4713098 0.3209121 9.7444330 
-1.1366792 0.3887865 9.5600490 
-1.0368951 0.3546165 9.6784726 
-1.0623315 0.1214884 9.7467585 
-1.0873678 0.1902583 9.8049520 
-1.0650258 0.3772686 9.8247450 
-1.0905506 0.2926993 9.8323788 
-0.8390108 0.2388560 9.7655875 
-0.5793808 0.3172914 9.7823085 
-0.4985400 0.3215953 9.8144488 
-0.4158888 0.2712922 9.8108237 
-0.3488095 0.3209652 9.7727954 
-0.2510987 0.3683302 9.7376959 
-0.1986420 0.3017782 9.7966427 
-0.2014827 0.3144386 9.8073922 
-0.2077417 0.3461324 9.8257960 
-0.1963263 0.3500529 9.7990250 
0.0070060 0.3607733 9.7933985 
0.0339540 0.3660107 9.8132407 
-0.0239677 0.3240520 9.8304550 
-0.1471583 0.3306558 9.7859213 
-0.2486088 0.3200144 9.8016875 
-0.3166237 0.3518225 9.7850031 
-0.3525507 0.3418830 9.7890390 
-0.2260053 0.3527485 9.7918829 
-0.1113164 0.3432381 9.8121890 
-0.1185015 0.3077950 9.8340160 
-0.1784278 0.3489649 9.8246131 
-0.2813184 0.3270220 9.8090096 
-0.3983386 0.3567468 9.7894090 
-0.3631768 0.3601035 9.7589726 
-0.2020078 0.3672893 9.7659406 
-0.1298582 0.3394040 9.8006833 
0.0685513 0.3534703 9.8060094 
0.1543672 0.3801188 9.8212690 
0.1910164 0.3150407 9.8183744 
0.1851994 0.3314683 9.8008659 
0.1924875 0.3508050 9.7841561 
0.1772802 0.3215671 9.7796667 
0.1690977 0.3484520 9.8096187 
0.1576369 0.3634302 9.8071707 
0.1120539 0.3342444 9.8086594 
0.1295011 0.3189848 9.8217106 
0.1152922 0.3204209 9.8307588 
0.1172130 0.3205247 9.7993060 
0.1398654 0.3212613 9.8447540 
0.2436179 0.3300240 9.7632006 
0.3513083 0.3646124 9.7527047 
0.4503919 0.3682597 9.8022105 
0.4945388 0.3406032 9.8092487 
0.4406828 0.3333079 9.8260700 
0.4210706 0.4336245 9.8292688 
0.3904898 0.4195289 9.7979989 
0.2846772 0.3897811 9.8051647 
0.2233952 0.4126842 9.8026718 
0.3106465 0.3571899 9.7418051 
0.3844608 0.2798244 9.8475721 
0.3728687 0.5208647 9.9037612 
0.4206432 0.4991019 9.8037373 
0.4232883 0.3965724 9.7713608 
0.3563852 0.3514694 9.8053004 
0.3648831 0.4579051 9.8230526 
0.3057678 0.4319156 9.8399525 
0.2653879 0.4237126 9.8447214 
0.2519396 0.3143103 9.8407116 
0.2155602 0.4294796 9.9097588 
0.2753534 0.5876770 9.7760604 
0.2906636 0.5687608 9.6680116 
0.1987789 0.5927362 9.7536701 
0.0693914 0.4004899 9.7115292 
0.1520838 0.4939534 9.9315237 
0.1018407 0.3463124 9.9259996 
-0.0394568 0.2150455 9.7599318 
-0.1539540 0.4997524 9.7747255 
-0.0786130 0.3062162 9.7184038 
-0.1000999 0.2210272 9.8263498 
-0.1494898 0.2771741 9.8704043 
-0.2080055 0.3452834 9.8364950 
-0.1974028 0.3240522 9.6959405 
-0.1889950 0.4915411 9.6277765 
-0.2274567 0.5020199 10.0042218 
-0.3100207 0.2716584 10.0015473 
-0.2803552 0.2398412 9.7431817 
-0.2280588 0.3333672 9.5994018 
-0.3237345 0.5921225 9.7445611 
-0.3436577 0.7580759 9.8387097 
-0.2452825 0.5473182 9.6446979 
-0.3414686 0.6109637 9.6933780 
-0.3349878 0.6515762 9.8390871 
-0.4326657 0.8011707 9.8429850 
-0.3936959 1.0062374 9.6580940 
-0.2610729 0.7828622 9.7110135 
-0.2481923 0.5392008 9.8613953 
-0.2952969 0.6406967 9.9153216 
-0.2524128 0.9741181 9.7778171 
-0.2476806 1.1746843 9.7479016 
-0.1547344 1.0739912 9.9116035 
-0.1411546 0.5562005 9.6418642 
0.0917422 0.6466108 9.5184540 
0.4595660 1.0867157 9.7151905 
0.8076180 1.3004181 9.8299910 
0.7670531 1.3988948 10.1938782 
0.6379876 1.0642591 9.9363246 
0.6909957 0.8746176 9.6860831 
0.7315117 1.0389348 9.6925133 
0.7158854 1.0327241 9.7637358 
0.6276435 0.9381945 9.7592532 
0.5917882 0.9240855 9.7890198 
0.5308340 0.9248518 9.8200205 
0.4857120 0.6523993 9.8106495 
0.5234437 0.6041868 9.8127470 
0.6172857 0.4754533 9.7686872 
0.6221754 0.5442386 9.6903125 
0.7094600 0.5036950 9.7030229 
0.7658319 0.4405530 9.8639169 
0.6937061 0.4145278 9.8302348 
0.6524158 0.3613517 9.7767146 
0.6212935 0.1623949 9.8351488 
0.6861720 0.1395852 9.6681037 
0.6725412 0.4073094 9.7183932 
0.6090775 0.2477369 9.9610489 
0.7517109 0.1073658 9.8121427 
0.6698447 0.2449224 9.8263886 
0.6500855 0.2626503 10.0151700 
0.7126034 0.2658633 9.8165307 
0.6171732 0.2041552 9.6099876 
0.6165640 0.0651721 9.6720184 
0.6646919 0.1378457 10.0088777 
0.5558105 -0.0880884 9.5539650 
0.6547277 0.2829654 9.9992398 
0.6015840 0.3772995 9.9694117 
0.5088706 0.2466459 9.8399775 
0.4295375 0.0874350 9.7424172 
0.1056969 0.2022041 9.6892792 
-0.0185440 0.3879912 9.7693009 
-0.0956101 0.3383664 9.6494521 
-0.2535300 0.2676590 9.7897742 
-0.2482906 0.4251240 9.6379638 
-0.1169421 0.6364712 9.7290546 
-0.2118699 0.6869413 10.1441636 
-0.2630715 0.6278202 9.8979124 
-0.2845342 0.3964979 9.6750564 
-0.5059088 0.8264209 9.8459001 
-0.4800528 1.0165233 9.6710131 
-0.3740427 0.5931875 9.3542526 
-0.3159653 0.2455584 9.7905850 
-0.2380111 0.3996311 9.7865024 
-0.3179697 0.7673345 9.5567695 
-0.3776731 1.5469779 10.3068771 
-0.2769606 0.6767218 10.1961205 
-0.2901429 0.0836534 9.7380592 
-0.2757254 0.1519316 9.8059928 
-0.3441803 0.5602600 9.7298946 
-0.3923735 0.8593814 9.7968105 
-0.3265139 0.7167569 10.0403501 
-0.4452203 0.0960216 9.8294520 
-0.4264289 0.1013447 9.6290030 
-0.4296410 0.2934863 9.4936924 
-0.5077845 0.1135964 9.8103871 
-0.4770536 0.3296051 10.0417763 
-0.5598872 0.3928341 9.8344177 
-0.6530852 0.2378175 9.8506605 
-0.6912859 0.2867709 9.8568885 
-0.7775673 0.2549101 9.6587336 
-0.7768915 0.2640684 9.7515599 
-0.7622168 0.2729810 9.7657251 
-0.7221489 0.4481817 9.5724097 
-0.6820267 0.4879922 9.7219585 
-0.7412850 0.2816863 9.8508490 
-0.8391549 0.3371409 9.8416549 
-0.8429671 0.4144731 9.8057004 
-0.8143650 0.4925469 9.8201233 
-0.8004133 0.5115478 9.7546141 
-0.8429556 0.4059532 9.7598777 
-0.7994773 0.5252650 9.6266204 
-0.7590611 0.6540560 9.7622989 
-0.7786165 0.5025067 9.7207996 
-0.8123621 0.4313146 9.8772300 
-0.7645218 0.5595909 9.9239215 
-0.7610031 0.6789630 9.7736512 
-0.7190311 0.6528275 9.6998481 
-0.6706847 0.5347248 9.7275240 
-0.5311607 0.5365630 9.7934690 
-0.4010429 0.6668802 9.8849296 
-0.3281628 0.7366605 9.8114002 
-0.2743114 0.6461968 9.7911069 
-0.2866690 0.6060060 9.8245933 
-0.3345371 0.5350960 9.8266018 
-0.2819118 0.5757892 9.9148884 
-0.2445038 0.6522096 9.8500882 
-0.2546028 0.6353546 9.7650175 
-0.2575134 0.5493113 9.6926577 
-0.2677796 0.5446767 9.7057779 
-0.2405979 0.6366483 9.7252361 
-0.2308928 0.6935028 9.7439384 
-0.2768077 0.6432632 9.7896443 
-0.2717407 0.5370448 9.8086922 
-0.2993187 0.5704031 9.7803418 
-0.3460671 0.6405399 9.8350317 
-0.3260670 0.6567434 9.9227588 
-0.3249245 0.5467623 9.7985550 
-0.3646040 0.5740082 9.6584637 
-0.3019787 0.5802562 9.5995187 
-0.2339923 0.5848967 9.7678855 
-0.2427792 0.5853201 9.7732448 
-0.2435643 0.5125440 9.8899720 
-0.2905338 0.4928483 9.9086545 
-0.2834399 0.5470346 9.8297485 
-0.2388540 0.6202048 9.7720266 
-0.2064055 0.5618791 9.7258614 
-0.2068219 0.4999270 9.7961088 
-0.2010519 0.4045818 9.9051576 
-0.2008266 0.4042304 9.8575994 
-0.1893887 0.4551950 9.7750200 
-0.2448177 0.4682918 9.7466115 
-0.1847428 0.4468264 9.7763743 
-0.1819969 0.4068534 9.7637227 
-0.1957128 0.3533360 9.7877960 
-0.1400269 0.4538442 9.7417391 
-0.1484652 0.4791017 9.8041550 
-0.2010792 0.3961066 9.8583792 
-0.2388835 0.3682254 9.8957966 
-0.3164728 0.4328937 9.7990581 
-0.3907967 0.5211384 9.7355591 
-0.4427927 0.5255262 9.7463654 
-0.4211932 0.4715104 9.7712085 
-0.4081505 0.4092645 9.7972969 
-0.4034508 0.4645921 9.8274336 
-0.3661654 0.4592807 9.8270352 
-0.4019689 0.4937400 9.7895791 
-0.4244699 0.4906202 9.7984514 
-0.2979405 0.5383796 9.7745685 
-0.2806003 0.4992787 9.7491109 
-0.2537628 0.4484643 9.8135344 
-0.2415679 0.3815039 9.8266116 
-0.2078541 0.4641564 9.7764448 
-0.1671042 0.5518407 9.7418936 
-0.1534346 0.5011623 9.7611356 
-0.1423167 0.3872780 9.7916300 
-0.1195241 0.3837423 9.7743542 
-0.1585346 0.5048097 9.8032974 
-0.1652793 0.5687232 9.8055540 
-0.1968021 0.5556527 9.7991355 
-0.1510785 0.4994767 9.7827414 
-0.1113655 0.5202960 9.7612062 
-0.1187698 0.5195018 9.7934391 
-0.1250141 0.5307723 9.8190032 
-0.1155260 0.4987707 9.8211029 
-0.1452542 0.5775727 9.7771017 
-0.1226285 0.5800543 9.8072006 
-0.0741672 0.4614796 9.8227247 
-0.0939802 0.4794942 9.8111082 
-0.1498041 0.6066946 9.8083670 
-0.1705211 0.5500192 9.7653257 
-0.1545389 0.4506766 9.7596202 
-0.1401449 0.4258869 9.7986913 
-0.1861854 0.4991207 9.8088620 
-0.2117639 0.5348141 9.7962355 
-0.2004294 0.4841591 9.7668243 
-0.2639982 0.4213458 9.7710132 
-0.2356017 0.5031584 9.8099767 
-0.1753650 0.5297650 9.8537549 
-0.2277154 0.4013111 9.8630786 
-0.3216850 0.4015446 9.8462908 
-0.3425745 0.3723500 9.7447337 
-0.3724815 0.4397907 9.7335557 
-0.3842378 0.5018037 9.7566744 
-0.4006877 0.6102060 9.7909822 
-0.4566699 0.5338912 9.7708951 
-0.4136969 0.6249055 9.7901715 
-0.2942435 0.5290656 9.7566781 
-0.3241627 0.3401793 9.7270381 
-0.3148970 0.4065617 9.7341905 
-0.2334126 0.4286163 9.7849917 
-0.0999611 0.4141419 9.8517442 
-0.0427295 0.4297742 9.8794182 
-0.2756706 0.7501833 9.8034958 
-0.1207519 0.5560917 9.7566301 
0.0224614 0.3236766 9.7658240 
-0.0021230 0.2522175 9.8640720 
0.0672440 0.3053502 9.7839432 
-0.0154658 0.4264240 9.8207248 
-0.0026118 0.6405092 9.8481036 
0.0946877 0.4879795 9.7870677 
0.0036011 0.3614533 9.7711780 
0.0738716 0.3089202 9.8273841 
-0.0614106 0.1054248 9.9450811 
-0.1692891 0.1448277 9.8169226 
-0.2181212 0.6423843 9.6775907 
-0.1873273 0.8343814 9.5525839 
-0.3165188 0.4628500 9.7240461 
-0.2254953 0.4858475 9.9118422 
-0.2443286 0.2720925 9.8885063 
-0.2477883 0.2535142 9.9434784 
-0.2581113 0.5537444 9.8009425 
-0.2399079 0.3461472 9.6307953 
-0.2461575 0.2814970 9.6590212 
-0.9471596 0.7243672 10.1494748 
-1.1085442 0.2510801 9.8055365 
-1.1478228 0.2391659 9.5914178 
-1.2035460 0.4185309 9.7314502 
-1.3252884 0.1941796 9.7551403 
-1.3930562 0.4940420 9.7857644 
-1.4860436 0.6167633 9.8676719 
-1.5216318 0.2651865 9.8470670 
-1.6397468 0.4468227 9.7420751 
-1.7798167 0.7376246 9.6988734 
-2.0157936 0.3930289 9.7437525 
-0.7836708 0.4061784 9.7538185 
0.4257944 0.5419285 9.8579039 
-0.1603521 0.3917007 9.7654307 
-0.5777961 0.4735321 9.7084346 
-0.1275669 0.4692622 9.8162092 
-0.1194115 0.4719075 9.8752830 
-0.3719162 0.4968535 9.7864022 
-0.3146204 0.4340384 9.7479154 
-0.2022055 0.4786526 9.8062471 
-0.2329239 0.4904967 9.8051705 
-0.3376594 0.4387698 9.7835425 
-0.2653460 0.4797273 9.7923922 
-0.1967835 0.4724676 9.8128856 
-0.3039754 0.4767906 9.7960319 
-0.2808898 0.4699355 9.7763565 
-0.2311657 0.4608135 9.7994256 
-0.2499998 0.4823848 9.8076728 
-0.2961515 0.4640113 9.7730511 
-0.2630616 0.4644852 9.7939849 
-0.2299718 0.4649591 9.8149187 
-0.2988932 0.4745913 9.7723245 
-0.2596549 0.4697471 9.7969653 
-0.2386282 0.4528932 9.8058970 
-0.2695042 0.4754770 9.7994268 
-0.2651577 0.4738169 9.7923089 
-0.2566701 0.4698518 9.7964855 
-0.2553562 0.4562349 9.8000427 
-0.2892559 0.4817965 9.7765931 
-0.2420042 0.4677461 9.8079689 
-0.2606626 0.4645308 9.7963415 
-0.2700460 0.4731450 9.7934349 
-0.2647676 0.4745032 9.7889700 
-0.2753422 0.4714353 9.7891999 
-0.2622071 0.4537728 9.7910035 
-0.2586311 0.4760590 9.7952932 
-0.2480197 0.4791358 9.8024211 
-0.2781658 0.4585159 9.7864883 
-0.2775973 0.4683564 9.7905296 
-0.2433900 0.4760075 9.7995452 
-0.2753752 0.4739639 9.7885577 
-0.2613051 0.4629044 9.7976171 
-0.2607002 0.4786036 9.7848785 
-0.2698739 0.4853947 9.7932849 
-0.2620831 0.4572008 9.7996874 
-0.2709220 0.4724599 9.7821122 
-0.2482108 0.4789284 9.8134932 
-0.2787066 0.4740838 9.7713364 
-0.2659955 0.4667147 9.8002860 
-0.2572358 0.4687439 9.7972772 
-0.2610864 0.4762305 9.7924004 
-0.2521450 0.4550379 9.8081839 
-0.2715952 0.4792192 9.7833462 
-0.2559288 0.4753096 9.7990166 
-0.2737099 0.4713262 9.7856596 
-0.2512719 0.4675606 9.8022639 
-0.2487889 0.4631674 9.8051937 
-0.2747495 0.4820107 9.7857358 
-0.2516781 0.4648022 9.8054770 
-0.2687406 0.4791216 9.7901449 
-0.2566283 0.4663369 9.8026385 
-0.2620292 0.4596953 9.7995603 
-0.2623115 0.4778736 9.7904600 
-0.2554036 0.4652215 9.8032564 
-0.2769645 0.4782835 9.7858419 
-0.2502134 0.4624526 9.8033878 
-0.2613920 0.4649877 9.7912909 
-0.2628834 0.4730725 9.7992668 
-0.2531527 0.4643588 9.8053782 
-0.2688932 0.4768724 9.7837274 
-0.2613314 0.4611817 9.8006357 
-0.2724534 0.4738666 9.7806034 
-0.2521664 0.4697132 9.8085672 
-0.2685882 0.4701698 9.7858942 
-0.2566769 0.4697407 9.8053677 
-0.2709149 0.4767379 9.7858578 
-0.2671916 0.4713788 9.7885827 
-0.2602174 0.4614482 9.8041045 
-0.2723078 0.4734398 9.7786518 
-0.2522507 0.4648806 9.8094729 
-0.2731417 0.4689655 9.7846417 
-0.2559752 0.4731929 9.7978244 
-0.2640756 0.4765589 9.7871008 
-0.2598468 0.4638734 9.8001658 
-0.2507897 0.4623180 9.7954752 
0.0342510 0.5194199 9.6848379 
0.2267969 0.4531175 9.7778756 
0.2914314 0.4909817 9.8943962 
0.2707802 0.4464018 9.8713165 
0.3448469 0.4740125 9.8124035 
0.3749177 0.5152343 9.7838138 
0.6705221 0.4042562 9.6083771 
1.1059786 0.5093653 9.5916169 
1.3978241 0.5639920 9.8246809 
1.6012655 0.4185720 9.8414496 
1.7351071 0.3697641 9.7365828 
1.7589424 0.2222843 10.0007635 
1.6644232 0.3545620 9.9690928 
1.5693331 0.8240304 9.7460805 
1.3601403 0.4923340 9.9268035 
1.2169338 -0.0014420 10.0245089 
1.2673024 -0.0184288 9.7213188 
1.1622007 0.3051519 9.8607372 
0.8207723 0.1622625 9.9229825 
0.4668722 0.3989621 9.9509602 
0.1167804 0.8015594 9.6371278 
0.0026674 0.4767068 9.5356517 
-0.2250922 0.5204996 9.5922088 
-1.5256108 1.4317919 10.6744221 
-2.3875305 0.9753873 9.9387928 
-2.7585934 0.3909965 9.2557190 
-2.6794848 0.4867771 9.2214829 
-2.4604206 -0.1031667 9.8529016 
-0.9774643 0.1076727 9.7028578 
-0.3051718 0.5031465 9.8667992 
0.0253843 0.4555323 9.7834905 
-0.0792888 0.2544543 9.7337888 
-0.1256547 0.4414919 9.7969222 
0.0145766 0.4834746 9.8433731 
-0.0949578 0.4833660 9.7845433 
-0.0560715 0.6058831 9.7722664 
-0.0893764 0.3112318 9.7260164 
0.1554847 0.3267178 9.7799356 
0.8453064 0.7135668 9.7110884 
1.1604680 0.6445823 9.6124831 
1.2916138 0.4166749 9.8365323 
1.3967143 0.6609738 9.7862107 
1.3432629 0.4634329 9.8627436 
1.2710927 0.6544277 9.7093678 
1.2686326 0.9610116 9.7727472 
1.1826711 0.5837435 9.6981037 
1.0185593 0.2917099 10.1880633 
0.7685692 0.3905334 10.4212562 
0.5772606 0.8925319 10.1601892 
0.0899140 0.8345983 9.7122010 
-0.3369526 0.7864405 9.6722016 
-0.1485534 0.6611599 9.3275678 
-0.1423241 0.2818229 9.6783260 
-0.2783138 -0.2659691 10.0333207 
-0.0402970 0.2809883 9.7857001 
-0.0504754 0.1237605 9.8450493 
-0.2777344 -0.0624602 9.7056895 
-0.1419292 0.7813613 9.5332230 
-0.0656424 0.4007154 9.1936054 
0.2239595 0.3729932 9.6065393 
0.5461689 0.5822183 10.2430286 
0.4585502 0.3523572 9.8059077 
0.3719861 0.0202046 10.1957379 
0.1956275 -0.1675666 10.3246755 
0.0051491 0.1848404 9.4964595 
0.1285771 1.1732454 9.3270372 
0.2838665 0.8721434 9.6523785 
0.3208190 -0.0031671 9.9757022 
0.5378728 -0.1720040 9.8110469 
0.6326123 0.1503155 9.4880336 
0.7488798 0.4731825 9.3938622 
0.4225307 0.2902815 8.7997963 
0.3102954 0.7092398 10.4330364 
0.5431253 0.8879016 10.9708707 
0.1641696 0.3376458 9.3856088 
0.6359560 0.0890476 9.8344969 
0.7980229 0.3658912 9.8194185 
0.9248675 0.4827177 9.4901831 
1.0395760 0.9124870 9.8586202 
1.0635366 0.3717478 10.8513841 
0.9556784 -0.0574823 10.3584939 
0.7548773 0.1576156 11.2657318 
0.7560681 0.2268374 9.2185073 
0.7228612 0.5571774 8.8515807 
0.8193745 0.7513455 9.2938378 
0.8526634 0.3248308 9.6513114 
0.9366040 0.2336395 9.8740248 
0.9610310 0.3763186 9.9837450 
0.9080842 0.4449948 9.9134619 
0.8971362 0.4189586 9.8074314 
0.8359449 0.2645141 9.8664547 
0.7447552 0.2346576 9.7980386 
0.5917397 0.2295175 9.6010199 
0.4714802 0.3659554 9.7477678 
0.4795856 0.4071157 9.8162643 
0.4719141 0.5126120 9.8158586 
0.3629314 0.3304080 9.7476949 
0.2607225 0.4091927 9.7460389 
0.2554927 0.4276456 9.8050368 
0.2763628 0.7053790 9.7237317 
0.2780405 0.6544311 9.5541500 
0.2990941 0.6822029 9.8331765 
0.2139017 0.6650699 10.0234330 
0.0876674 0.6980623 9.8530019 
0.0501000 0.7939398 9.9446000 
0.0247886 0.6363110 9.7172167 
-0.0453101 0.6956843 9.5311296 
-0.0556854 0.5825440 9.6501461 
0.1387669 0.5272524 10.0345645 
-0.0456198 0.4976301 10.0351912 
-0.1913915 0.7621408 9.8046743 
-0.0726779 0.7370015 9.6149338 
0.0860653 0.2303635 9.5640303 
-0.1469475 0.2749967 10.0969943 
-0.0556511 0.1597935 10.3422526 
-0.0050480 0.7001640 10.3721466 
-0.0913734 0.3118758 9.2635889 
-0.1372368 0.2561734 9.3055739 
0.0325119 0.2281723 9.8257276 
0.0552127 0.1686537 9.9356557 
-0.0421506 0.3005093 9.7364595 
-0.0358564 0.3726262 9.9147368 
0.0572524 0.4058599 9.8151402 
0.0691040 0.2586504 9.6368581 
0.0006116 0.3461025 9.8905078 
-0.0447196 0.1605442 10.1726085 
-0.1371431 0.1687316 9.9090400 
-0.2033488 0.2126481 9.5426392 
-0.2321207 0.3909978 9.4151842 
-0.1860624 0.2938669 9.9746045 
-0.2423874 0.2307114 9.9998419 
-0.3349349 0.1898116 9.7727144 
-0.3569531 0.3202142 9.7925254 
-0.3226381 0.3337709 9.6932682 
-0.3122257 0.3751989 9.6958722 
-0.2698443 0.6369814 9.8582404 
-0.3296037 0.5545181 9.8887148 
-0.4079334 0.3686411 9.8064524 
-0.9172447 0.3560141 9.4671752 
-1.3373741 0.4360729 9.7399488 
-1.5417255 0.5101761 9.5382745 
-1.5378129 0.6566222 9.8050195 
-1.5851477 0.6035103 10.0058136 
-1.7582934 0.3496361 9.8649881 
-1.6679972 0.2900618 9.8417220 
-1.6302410 0.4645343 9.9105760 
-1.0993853 0.5699400 9.5425475 
-0.6530081 0.5707353 9.5197218 
-0.4189209 0.4192383 9.8708055 
-0.2612061 0.3901778 10.0404555 
-0.3437357 0.3965161 9.6634780 
-0.4272507 0.4213298 9.6649553 
-0.3729056 0.4406110 9.9610558 
-0.4075760 0.4656049 9.9450593 
-0.5243630 0.5280929 9.6699672 
-0.5764424 0.2671662 9.6615950 
-0.4719653 0.2083065 9.8386837 
-0.4344985 0.2584850 10.0254088 
-0.4015890 0.4699580 9.7409619 
-0.4112244 0.7074423 9.6388694 
-0.4713372 0.7046665 9.7190379 
-0.4467926 0.2426569 9.9845727 
-0.4801312 0.0412022 9.9307166 
-0.4631123 0.0771602 9.7330693 
-0.3836342 0.3217417 9.6819807 
-0.4031098 0.6228598 9.6466140 
-0.4426540 0.6503647 9.7882815 
-0.4292506 0.4647373 9.8744808 
-0.4117961 0.1558060 9.9056173 
-0.3241897 0.1786661 9.9920689 
-0.3377327 0.3161151 9.8271723 
-0.3574578 0.3711066 9.5336365 
-0.4022462 0.4367821 9.6120574 
-0.3423332 0.4361942 9.8094804 
-0.2628843 0.4312730 9.9947740 
-0.3173473 0.3804233 9.8790174 
-0.3241245 0.5767934 9.6155613 
-0.2751091 0.6204311 9.5354095 
-0.1961571 0.3504073 9.6762377 
-0.1638817 0.1465660 9.9523738 
-0.1124635 0.2470327 10.0028879 
-0.1388970 0.2965047 9.4870901 
-0.1923586 0.7399281 9.8353494 
-0.0901354 0.6361514 9.9351319 
-0.1067808 0.6228926 9.9212091 
-0.1993012 0.1955291 9.7456364 
-0.2494118 0.1870492 9.7493159 
-0.2281206 0.4035542 9.7394999 
-0.1951235 0.5536310 9.6765572 
-0.1838228 0.4390682 9.7988191 
-0.1406056 0.3795480 9.8193548 
-0.0966967 0.4324673 9.6177848 
-0.1884092 0.4538599 9.7312610 
-0.1687704 0.4301851 9.9133735 
-0.1197294 0.3675790 9.9883628 
-0.0810920 0.4062143 9.9260414 
-0.2116881 0.4344657 9.7754594 
-0.2860062 0.5340841 9.6642593 
-0.2320290 0.5061232 9.6014405 
-0.3928203 0.4166593 9.9062275 
-0.2997780 0.3658204 9.9407844 
-0.7973813 0.3397908 9.9664493 
-1.2817647 0.3418428 9.6376659 
-1.7708776 0.4613983 9.6092980 
-1.9464399 0.5062842 9.9000632 
-1.8886245 0.5798111 9.8452766 
-1.9704440 0.4816799 9.7227003 
-1.8728809 0.3270103 9.6883866 
-2.0895013 0.2992771 9.8252243 
-2.2822414 0.1407382 9.5745285 
-1.9507711 0.3837902 9.6599808 
-1.6408724 0.4940915 9.7062478 
-1.3450330 0.3531783 9.8278140 
-1.1263170 0.3044601 9.7521016 
-0.9064719 0.3114573 9.8738318 
-0.6485247 0.4173575 10.2253658 
-0.6261295 0.3118782 9.9291335 
-0.6381891 0.3733102 9.7469274 
-0.6355992 0.3723700 9.6658085 
-0.5590011 0.3970037 9.6760855 
-0.3092387 0.4925054 9.6200916 
-0.1794253 0.5329452 9.6216280 
-0.2295077 0.3241391 9.9118550 
-0.2759176 0.2243236 10.0568099 
-0.3884803 0.2706937 9.8118311 
-0.4757596 0.3602509 9.4724781 
-0.5436104 0.4306114 9.4842315 
-0.6675253 0.2309418 9.9103390 
-0.7986549 0.3434871 10.3077855 
-0.7998923 0.3832665 10.0085181 
-0.5885283 0.3478811 9.6837019 
-0.4499113 0.2887239 9.6138063 
-0.4855814 0.2777673 9.6932352 
-0.5645497 0.2823465 9.8245625 
-0.6489195 0.3981281 9.8603111 
-0.7294728 0.3460088 9.8265844 
-0.7615920 0.2421671 9.7865887 
-0.7049899 0.2639997 9.7683624 
-0.5657353 0.3131960 9.7897414 
-0.4459234 0.3080052 9.7886621 
-0.3669803 0.2593864 9.7941999 
-0.3199037 0.2851940 9.8178153 
-0.3104391 0.2837609 9.7996210 
-0.2812002 0.2616035 9.8005468 
-0.2834761 0.2817050 9.8052322 
-0.2377487 0.2500636 9.8046269 
-0.0088205 0.2654422 9.7879532 
0.1764917 0.2535568 9.8146702 
0.2366658 0.2822488 9.8310655 
0.2244607 0.3016404 9.8281337 
0.2233657 0.2696381 9.8132885 
0.2223879 0.2661168 9.8190080 
0.2343383 0.2423665 9.8072859 
0.1920622 0.2450050 9.7923307 
0.0910748 0.1872204 9.8351257 
0.0693126 0.3492389 9.8272048 
0.1452435 0.3477517 9.7594465 
0.2588699 0.3395874 9.7639826 
0.3443640 0.4006349 9.7940022 
0.4277765 0.3242596 9.8349586 
0.3890540 0.1625837 9.8382545 
0.2734320 0.1942560 9.8769042 
0.1181143 0.3424206 9.8166302 
-0.0129803 0.3662433 9.7706367 
0.0745830 0.4065332 9.7415814 
0.2161788 0.3627432 9.7464041 
0.3518065 0.2631535 9.8197787 
0.1884004 0.2298125 9.8649332 
0.1263339 0.4093723 9.8362405 
0.1356553 0.4310923 9.7415740 
0.0930156 0.3066572 9.7911057 
-0.0785048 0.1193836 9.8353775 
0.0040291 0.2297916 9.8373371 
0.1352295 0.4530819 9.7704174 
0.1518570 0.5299586 9.7711764 
-0.0884488 0.3967961 9.7291675 
-1.0322594 0.3083263 9.8651354 
-1.5293289 0.0971820 9.8375106 
-1.5262003 0.1956922 9.7136017 
-1.5592529 0.2703455 9.7212314 
-1.6375763 0.2640649 9.7846502 
-1.7711587 0.2650128 9.8417898 
-1.9848467 0.2823457 9.8659921 
-0.4318298 0.2471329 9.7755249 
0.6330255 0.2906164 9.7757509 
-0.0218436 0.2604458 9.7523281 
-0.3857368 0.2308511 9.7593432 
0.0671366 0.3084680 9.8533731 
0.0211963 0.3066164 9.8763694 
-0.2540900 0.2476918 9.7739125 
-0.1197807 0.2685370 9.7588947 
-0.0055757 0.2783662 9.8423339 
-0.0936211 0.2753539 9.8142418 
-0.1556663 0.2531094 9.7880564 
-0.1023429 0.2766019 9.7984460 
-0.0448414 0.2835425 9.8132614 
-0.1385463 0.2553086 9.8078341 
