-0.0057599 0.0079256 -0.0062204 
-0.0120380 0.0102211 -0.0024130 
-0.0123407 0.0069517 0.0071006 
0.0045896 0.0133750 0.0038979 
0.0013679 0.0217142 0.0013748 
0.0075922 0.0136000 0.0136044 
0.0008437 0.0076981 0.0164440 
-0.0109709 0.0130691 0.0102726 
-0.0158050 0.0062130 0.0236204 
-0.0079847 -0.0004806 0.0321138 
-0.0021530 0.0005976 0.0301706 
-0.0035647 0.0089945 0.0333315 
-0.0046787 0.0169762 0.0300751 
-0.0042003 0.0135955 0.0264543 
0.0086766 0.0004203 0.0272771 
0.0125718 -0.0073137 0.0326220 
0.0097784 -0.0098461 0.0318585 
-0.0042345 0.0001593 0.0398813 
-0.0050419 0.0072116 0.0507246 
-0.0084272 0.0107078 0.0521417 
-0.0151541 0.0142820 0.0544788 
-0.0173080 0.0136173 0.0589585 
-0.0179443 0.0090134 0.0557128 
-0.0131278 -0.0014051 0.0578069 
-0.0172067 -0.0044009 0.0584653 
-0.0129942 -0.0043915 0.0550070 
-0.0094811 -0.0039538 0.0510730 
-0.0028202 -0.0023778 0.0449754 
0.0010807 -0.0034655 0.0386818 
0.0040296 0.0053643 0.0441139 
0.0134774 0.0104242 0.0459634 
0.0078063 0.0054196 0.0427950 
0.0022425 -0.0036897 0.0470516 
0.0008411 -0.0174809 0.0448932 
-0.0006454 -0.0059822 0.0459767 
0.0167947 -0.0060336 0.0544777 
0.0239021 -0.0164047 0.0640976 
0.0136432 -0.0275428 0.0638831 
-0.0121129 -0.0472761 0.0582787 
-0.0266573 -0.0258510 0.0652116 
0.0090876 0.0125564 0.0664253 
0.0357322 0.0226659 0.0627517 
0.0338635 0.0150328 0.0570796 
0.0193543 0.0117797 0.0512285 
0.0184108 -0.0078571 0.0380034 
0.0101639 -0.0124193 0.0239688 
-0.0027741 -0.0091761 0.0097419 
-0.0161946 0.0019631 -0.0043891 
-0.0137757 -0.0038125 -0.0300113 
-0.0030548 -0.0280639 -0.0500774 
-0.0307678 -0.0101600 -0.0588639 
-0.0167041 -0.0112146 -0.0621171 
0.0023429 -0.0019416 -0.0598910 
0.0462030 0.0035382 -0.0640103 
0.0398978 0.0016085 -0.0621792 
0.0085951 -0.0034984 -0.0685534 
-0.0221157 -0.0021512 -0.0661318 
-0.0304985 -0.0032619 -0.0576443 
-0.0096747 0.0008942 -0.0577784 
0.0009669 0.0076653 -0.0534548 
0.0159470 0.0039433 -0.0465662 
0.0303474 0.0000286 -0.0350777 
0.0370933 -0.0002528 -0.0349693 
0.0211473 0.0052660 -0.0278554 
-0.0000176 -0.0027446 -0.0249381 
-0.0156054 -0.0077330 -0.0354666 
-0.0285407 -0.0121232 -0.0351160 
-0.0143183 -0.0093854 -0.0375808 
0.0016473 -0.0078518 -0.0500712 
0.0198485 -0.0123349 -0.0514382 
0.0183879 -0.0083582 -0.0442852 
0.0230734 -0.0171293 -0.0393310 
0.0080691 -0.0139940 -0.0412600 
-0.0151634 -0.0065055 -0.0382047 
-0.0169452 -0.0043622 -0.0274846 
0.0035243 -0.0068560 -0.0299874 
0.0034082 -0.0049012 -0.0282383 
-0.0116698 0.0049374 -0.0227761 
-0.0168501 -0.0025904 -0.0153404 
-0.0099888 -0.0198833 -0.0127751 
0.0041672 -0.0265668 -0.0128749 
0.0081545 -0.0228633 -0.0064137 
0.0092421 -0.0114388 -0.0032400 
0.0023072 -0.0024940 0.0019421 
-0.0027706 -0.0017966 0.0112026 
-0.0043590 -0.0005278 0.0215551 
-0.0016552 0.0004485 0.0325090 
0.0013545 -0.0002783 0.0439189 
0.0047227 -0.0028975 0.0480513 
0.0012785 -0.0005845 0.0501526 
-0.0036549 -0.0012242 0.0520430 
-0.0048869 -0.0027525 0.0554200 
-0.0020110 -0.0059532 0.0589894 
0.0002523 -0.0076383 0.0645287 
0.0029162 -0.0043453 0.0674167 
-0.0021384 -0.0017846 0.0727164 
-0.0083968 -0.0019625 0.0784637 
-0.0036532 -0.0030312 0.0819078 
0.0011535 0.0011860 0.0822242 
-0.0001912 0.0071489 0.0819020 
-0.0016028 0.0116876 0.0777612 
-0.0044184 0.0103149 0.0740752 
0.0048600 0.0087724 0.0673779 
-0.0029694 0.0042137 0.0627344 
-0.0051312 0.0013294 0.0601730 
-0.0097911 -0.0008085 0.0485654 
-0.0016590 -0.0022709 0.0298142 
-0.0103780 0.0005771 0.0143988 
-0.0115809 -0.0000365 -0.0080878 
-0.0030090 -0.0084540 -0.0150011 
0.0123372 -0.0125176 -0.0134296 
0.0118422 -0.0081349 -0.0095698 
-0.0013409 0.0070701 -0.0106755 
-0.0081930 0.0248573 -0.0104149 
-0.0023098 0.0314313 -0.0099211 
0.0041965 0.0373363 -0.0106145 
-0.0020263 0.0373579 -0.0130975 
0.0071680 0.0317613 -0.0110987 
0.0044122 0.0140367 -0.0104667 
-0.0019301 -0.0008385 -0.0119712 
-0.0082489 -0.0104323 -0.0103098 
0.0065325 -0.0104628 -0.0101716 
0.0044673 -0.0130839 -0.0124802 
0.0004796 -0.0066841 -0.0151611 
-0.0006083 -0.0028033 -0.0150348 
-0.0018538 0.0032006 -0.0246349 
0.0009377 0.0126521 -0.0320685 
0.0049828 0.0038298 -0.0296037 
0.0008613 -0.0010829 -0.0303380 
-0.0031898 -0.0056992 -0.0338592 
-0.0109571 -0.0077898 -0.0315772 
-0.0035190 -0.0039894 -0.0312233 
-0.0028730 -0.0018369 -0.0321333 
0.0003323 -0.0058534 -0.0353815 
0.0009730 -0.0189296 -0.0375037 
-0.0049657 -0.0152586 -0.0408154 
0.0001028 -0.0069716 -0.0421019 
-0.0010180 -0.0058237 -0.0407366 
-0.0038145 -0.0078122 -0.0398855 
-0.0142075 -0.0097499 -0.0382314 
-0.0042902 -0.0024857 -0.0284295 
0.0098315 0.0099351 -0.0245535 
0.0067321 0.0044025 -0.0282820 
0.0064258 -0.0018137 -0.0214428 
0.0016115 -0.0030472 -0.0174408 
-0.0246460 -0.0011968 -0.0192967 
-0.0328486 -0.0071099 -0.0203649 
-0.0311472 -0.0167887 -0.0172229 
-0.0067485 -0.0174402 -0.0172738 
-0.0061384 -0.0222955 -0.0104645 
0.0246826 -0.0040977 -0.0065119 
0.0155221 0.0252460 -0.0023713 
0.0144523 0.0549103 -0.0095767 
-0.0010486 0.0622517 -0.0079913 
-0.0102144 0.0441760 -0.0044850 
-0.0142599 0.0223225 -0.0047015 
-0.0142730 0.0314143 -0.0093877 
0.0174060 0.0116489 -0.0062031 
0.0301808 -0.0007874 -0.0101737 
0.0361745 -0.0183059 -0.0103166 
0.0259858 -0.0249777 -0.0111765 
0.0108698 -0.0033932 -0.0280402 
-0.0171835 0.0133991 -0.0269997 
-0.0144928 0.0011786 -0.0267397 
0.0022156 -0.0137474 -0.0282682 
0.0199085 -0.0134998 -0.0282002 
0.0093739 -0.0051004 -0.0302226 
-0.0023007 -0.0012025 -0.0302434 
-0.0008197 -0.0060187 -0.0264789 
0.0090224 -0.0100951 -0.0295211 
0.0028682 -0.0098256 -0.0310409 
-0.0025998 -0.0100034 -0.0277572 
-0.0066444 -0.0117738 -0.0219946 
-0.0047471 -0.0134554 -0.0122836 
-0.0063784 -0.0157656 -0.0055079 
0.0043089 -0.0170033 -0.0042673 
0.0093271 -0.0096480 -0.0051332 
0.0160506 0.0014098 -0.0050520 
0.0049835 0.0061544 -0.0051770 
-0.0017661 0.0036408 -0.0035425 
-0.0108202 0.0028029 0.0028882 
-0.0094359 0.0020862 0.0054793 
-0.0072383 -0.0020419 0.0068328 
0.0033722 -0.0052159 0.0082840 
0.0026568 -0.0076786 0.0081552 
0.0065677 -0.0145472 0.0108221 
0.0053081 -0.0190257 0.0192172 
0.0079733 -0.0115256 0.0229241 
0.0006501 -0.0013683 0.0191105 
-0.0070143 -0.0002334 0.0178321 
-0.0082660 -0.0002186 0.0166278 
-0.0074721 -0.0012555 0.0141186 
-0.0048711 0.0015005 0.0122227 
-0.0040014 0.0068151 0.0134430 
0.0014057 0.0151257 0.0132038 
0.0065456 0.0187200 0.0150518 
0.0123987 0.0160228 0.0232637 
0.0108235 0.0112459 0.0302986 
0.0032449 0.0084126 0.0354765 
-0.0060290 0.0093092 0.0397305 
-0.0095482 0.0116299 0.0421644 
-0.0067057 0.0147162 0.0416509 
-0.0022600 0.0133527 0.0387529 
0.0014368 0.0064199 0.0394195 
0.0031550 -0.0011654 0.0396243 
0.0003393 -0.0054966 0.0391048 
-0.0034949 -0.0059278 0.0357977 
-0.0040993 -0.0005129 0.0323632 
0.0008848 0.0032943 0.0263852 
0.0029796 0.0036479 0.0175820 
0.0009864 0.0040671 0.0107491 
0.0013239 0.0026943 0.0039145 
0.0065481 -0.0010926 0.0014617 
0.0105002 0.0017823 0.0042582 
0.0120645 0.0057374 0.0113375 
0.0064689 0.0063501 0.0162667 
-0.0004727 0.0023188 0.0224960 
-0.0044246 -0.0011213 0.0260658 
-0.0057715 -0.0010627 0.0228397 
-0.0027365 -0.0017421 0.0248381 
-0.0050261 -0.0003122 0.0235563 
-0.0049182 0.0031763 0.0211324 
0.0016724 -0.0015681 0.0189329 
0.0088778 -0.0057208 0.0156317 
0.0062891 -0.0074490 0.0112599 
0.0041275 -0.0059460 0.0093852 
-0.0031962 -0.0033957 0.0072619 
-0.0016575 0.0017353 -0.0008187 
0.0002532 0.0054117 -0.0077668 
0.0016048 0.0038301 -0.0115601 
-0.0030023 0.0052436 -0.0157323 
-0.0076436 -0.0017759 -0.0201692 
-0.0056855 -0.0135872 -0.0239199 
0.0016523 -0.0126993 -0.0328543 
0.0012623 -0.0106534 -0.0391615 
-0.0012800 -0.0103945 -0.0400365 
-0.0034602 -0.0137804 -0.0391676 
-0.0058066 -0.0123618 -0.0361062 
0.0015919 -0.0127790 -0.0326037 
0.0086049 -0.0158535 -0.0253687 
0.0101832 -0.0163066 -0.0162354 
0.0030429 -0.0162443 -0.0069926 
-0.0065042 -0.0091292 0.0034008 
-0.0072537 -0.0087355 0.0103209 
-0.0058448 -0.0054005 0.0149619 
0.0004920 0.0076535 0.0223820 
0.0184250 0.0148565 0.0291451 
0.0187749 0.0017558 0.0438384 
-0.0013909 -0.0056318 0.0505084 
-0.0238903 -0.0037291 0.0511132 
-0.0212897 -0.0051656 0.0484950 
-0.0199735 -0.0033496 0.0451158 
-0.0357160 -0.0043729 0.0383716 
-0.0377240 -0.0001999 0.0271126 
-0.0130193 0.0090714 0.0183307 
0.0206322 0.0027207 0.0107731 
0.0341271 -0.0057205 0.0026935 
0.0253006 -0.0053907 -0.0020781 
-0.0029726 0.0146739 -0.0057508 
-0.0253933 0.0170795 -0.0082092 
-0.0088222 -0.0003227 -0.0075403 
0.0111136 -0.0039705 -0.0058125 
0.0127710 0.0039817 -0.0116428 
-0.0239540 0.0147774 -0.0096146 
-0.0297756 0.0079728 -0.0051788 
-0.0073172 0.0122503 -0.0030179 
-0.0139748 0.0041836 -0.0033887 
-0.0178918 -0.0087903 -0.0067527 
-0.0189952 -0.0116561 -0.0018518 
-0.0044975 -0.0318307 -0.0061899 
0.0183094 -0.0212051 -0.0023143 
0.0339351 0.0103316 0.0023500 
0.0451226 -0.0088411 -0.0053653 
0.0399888 -0.0200729 -0.0036337 
0.0240654 -0.0000600 -0.0012220 
0.0103376 0.0041327 -0.0039448 
-0.0432420 0.0052622 -0.0091218 
-0.0630859 0.0064732 -0.0030483 
-0.0494818 0.0013529 0.0020269 
0.0078285 0.0316016 0.0005577 
0.0384950 0.0543549 0.0046029 
0.0137736 0.0413005 0.0082691 
-0.0213500 0.0569460 0.0059069 
0.0045670 0.0490222 -0.0029785 
0.0270653 0.0098847 -0.0058043 
0.0285770 0.0127719 -0.0086755 
-0.0111333 0.0308604 -0.0089389 
-0.0326555 0.0151471 -0.0104295 
-0.0186263 0.0260408 -0.0065541 
-0.0056707 0.0099465 -0.0063278 
0.0177671 -0.0014026 -0.0044442 
0.0125988 -0.0061299 -0.0103621 
0.0039160 -0.0068704 -0.0114861 
-0.0113648 -0.0127621 0.0002410 
0.0053607 -0.0220852 -0.0016387 
0.0057218 -0.0221053 0.0005074 
-0.0142651 -0.0435058 0.0063092 
0.0002090 -0.0279489 0.0126310 
0.0146831 -0.0123920 0.0189528 
0.0285350 -0.0293186 0.0277626 
0.0167531 -0.0285298 0.0273268 
0.0006323 -0.0184959 0.0375648 
0.0068614 -0.0236364 0.0413173 
0.0166223 -0.0247083 0.0328818 
0.0057396 -0.0200132 0.0255196 
-0.0047132 0.0089520 0.0208144 
-0.0049255 0.0136784 0.0056243 
-0.0197572 0.0234736 -0.0161858 
-0.0165083 0.0269639 -0.0149856 
0.0160571 0.0149755 -0.0121476 
0.0301475 0.0131894 -0.0260363 
0.0137553 0.0120987 -0.0235016 
-0.0001446 0.0061125 -0.0173928 
-0.0065825 0.0020451 -0.0251984 
-0.0019009 0.0040755 -0.0288399 
0.0035874 0.0026536 -0.0221811 
0.0045241 0.0006906 -0.0241721 
0.0021292 0.0026391 -0.0260201 
0.0017848 0.0016431 -0.0220143 
0.0042693 -0.0019343 -0.0211925 
0.0052737 -0.0011130 -0.0243856 
0.0049169 0.0008185 -0.0236913 
0.0047722 0.0006544 -0.0217822 
0.0062755 -0.0007295 -0.0258798 
0.0044078 -0.0023071 -0.0263436 
0.0038763 -0.0015576 -0.0242842 
0.0054964 0.0001127 -0.0243737 
0.0042348 0.0018744 -0.0265012 
0.0018270 -0.0008052 -0.0245072 
-0.0010746 -0.0018548 -0.0249393 
-0.0009956 0.0011632 -0.0269995 
0.0010020 0.0037464 -0.0241781 
0.0030123 0.0022508 -0.0256268 
0.0015366 0.0032982 -0.0260057 
-0.0019421 0.0017143 -0.0251034 
0.0001782 -0.0003914 -0.0250339 
-0.0003545 0.0010100 -0.0253523 
0.0023155 0.0013111 -0.0242987 
0.0032607 0.0020705 -0.0235323 
0.0044496 0.0036428 -0.0245845 
0.0039687 0.0044255 -0.0233621 
0.0023178 0.0027182 -0.0224342 
0.0016234 -0.0017560 -0.0242573 
0.0003147 -0.0017601 -0.0232639 
-0.0018042 -0.0042593 -0.0232203 
-0.0008482 -0.0027341 -0.0249679 
0.0002159 -0.0007397 -0.0257649 
0.0014636 -0.0002453 -0.0280781 
0.0021325 -0.0012817 -0.0294836 
0.0009267 -0.0021844 -0.0303888 
0.0025833 -0.0025894 -0.0310963 
0.0020509 -0.0017018 -0.0341184 
0.0015176 -0.0018202 -0.0349907 
0.0014915 -0.0027528 -0.0342729 
0.0040369 -0.0011506 -0.0374705 
0.0050438 -0.0020573 -0.0387922 
0.0055568 -0.0046449 -0.0381541 
0.0061424 -0.0033937 -0.0392475 
0.0076292 -0.0061986 -0.0409119 
0.0065002 -0.0079302 -0.0398214 
0.0055009 -0.0082470 -0.0368499 
0.0091541 -0.0088796 -0.0326357 
0.0059699 -0.0090857 -0.0274128 
0.0028604 -0.0031046 -0.0205968 
-0.0018831 0.0000336 -0.0169524 
-0.0029745 -0.0021283 -0.0131895 
0.0004457 -0.0041799 -0.0107410 
0.0089350 -0.0052393 -0.0088656 
0.0079517 -0.0042050 -0.0074948 
-0.0011519 -0.0033717 -0.0043030 
-0.0074037 -0.0014937 0.0000651 
0.0009751 -0.0013178 0.0035215 
0.0002474 -0.0026351 0.0055696 
0.0005222 0.0032160 0.0078505 
0.0003482 0.0053177 0.0085604 
0.0095841 0.0003760 0.0100642 
0.0162149 0.0002659 0.0160978 
0.0147076 0.0042965 0.0175478 
0.0104531 0.0052471 0.0138276 
-0.0011042 0.0038451 0.0064442 
-0.0096819 -0.0079881 0.0037693 
-0.0100680 -0.0087613 -0.0055551 
-0.0065082 0.0009248 -0.0189993 
0.0093656 0.0057800 -0.0300844 
0.0053486 0.0023694 -0.0417068 
0.0027763 -0.0041963 -0.0542743 
0.0023338 0.0004516 -0.0572462 
0.0133739 0.0055834 -0.0652761 
0.0168244 0.0065432 -0.0706813 
0.0216712 0.0040564 -0.0749642 
0.0158189 0.0021897 -0.0740539 
0.0057344 0.0049908 -0.0728191 
-0.0004038 0.0120096 -0.0631452 
0.0129225 0.0123364 -0.0498616 
0.0261731 0.0100109 -0.0401795 
0.0248877 0.0071277 -0.0270078 
0.0135485 0.0015496 -0.0129962 
0.0009583 0.0015194 0.0074884 
0.0025317 0.0017568 0.0278621 
0.0077469 -0.0053442 0.0439982 
0.0043641 -0.0068271 0.0643036 
-0.0133746 -0.0141298 0.0833045 
-0.0167601 -0.0173867 0.0896526 
-0.0057909 -0.0100704 0.0993961 
0.0182440 -0.0056054 0.1148719 
0.0214880 -0.0058621 0.1220430 
0.0050034 -0.0089385 0.1289198 
-0.0148142 -0.0009721 0.1357387 
-0.0069399 -0.0015370 0.1418248 
0.0186301 -0.0120832 0.1535265 
0.0367759 -0.0205007 0.1549097 
0.0131136 -0.0236546 0.1563403 
-0.0194226 -0.0112637 0.1559535 
-0.0332497 0.0047435 0.1589310 
-0.0327775 0.0070418 0.1645704 
-0.0187698 0.0097697 0.1602907 
-0.0175088 0.0114926 0.1491953 
-0.0174570 0.0056456 0.1350210 
-0.0193138 0.0069700 0.1124300 
-0.0201796 0.0125378 0.0864845 
-0.0175284 0.0048028 0.0578610 
-0.0108061 0.0069111 0.0362488 
-0.0079656 0.0108180 0.0246483 
-0.0090421 0.0051402 0.0183414 
-0.0050171 -0.0052334 0.0017468 
-0.0059844 -0.0044954 -0.0154177 
-0.0113548 0.0027751 -0.0252944 
-0.0164340 -0.0033110 -0.0394657 
-0.0133146 -0.0060579 -0.0428774 
-0.0115272 -0.0008805 -0.0362790 
-0.0074843 -0.0016638 -0.0377259 
-0.0140977 -0.0051761 -0.0403499 
-0.0069076 -0.0044007 -0.0382405 
0.0003579 0.0012088 -0.0423161 
-0.0096541 0.0019904 -0.0431348 
-0.0109777 0.0090109 -0.0413659 
-0.0186074 0.0091823 -0.0411543 
-0.0003306 0.0007159 -0.0399388 
-0.0020915 0.0089721 -0.0361840 
0.0172521 0.0000989 -0.0339292 
0.0197868 0.0013674 -0.0325620 
0.0177559 0.0163802 -0.0364379 
0.0064116 0.0143643 -0.0343670 
0.0148187 0.0255456 -0.0298680 
0.0237965 0.0146628 -0.0254979 
0.0235754 0.0044216 -0.0260931 
0.0174477 0.0076880 -0.0233581 
0.0272408 0.0023409 -0.0166817 
0.0320512 -0.0124699 -0.0058044 
0.0302723 -0.0149546 -0.0009829 
0.0168915 0.0088213 0.0022645 
0.0018168 0.0196604 0.0030262 
0.0185008 0.0195373 0.0031302 
0.0184875 0.0196250 0.0042406 
-0.0128965 0.0047916 0.0033568 
-0.0238222 -0.0180189 0.0022246 
-0.0001975 -0.0255176 0.0076380 
0.0254725 -0.0133724 0.0076214 
0.0276669 -0.0193798 0.0110047 
-0.0154032 -0.0276938 0.0073999 
-0.0566203 -0.0065043 -0.0035948 
-0.0386232 -0.0062290 0.0017052 
0.0038921 0.0035264 -0.0011995 
0.0228237 0.0093071 -0.0105743 
0.0079075 -0.0013923 -0.0230663 
-0.0316822 0.0001262 -0.0346164 
-0.0285199 0.0085124 -0.0423571 
-0.0079951 0.0025479 -0.0507270 
0.0043840 -0.0017437 -0.0629835 
0.0156676 -0.0144804 -0.0670598 
0.0106211 -0.0080774 -0.0633660 
0.0017501 0.0095906 -0.0639378 
-0.0027779 0.0081868 -0.0640073 
-0.0028721 0.0104168 -0.0627892 
0.0026477 0.0059063 -0.0624403 
0.0056936 0.0011475 -0.0600852 
0.0079864 0.0063430 -0.0557744 
0.0070384 0.0021308 -0.0537292 
-0.0012453 -0.0023937 -0.0526896 
-0.0035525 0.0025730 -0.0467146 
0.0028761 -0.0011895 -0.0395592 
0.0054089 -0.0038648 -0.0345009 
0.0007007 0.0010779 -0.0275898 
-0.0015193 0.0018080 -0.0214507 
-0.0002202 0.0025296 -0.0150163 
-0.0017629 -0.0047175 -0.0071489 
-0.0041775 -0.0070471 -0.0020280 
-0.0115252 -0.0070073 0.0053211 
0.0017456 -0.0079154 0.0113546 
0.0045568 -0.0102632 0.0168539 
0.0049979 -0.0058026 0.0213709 
-0.0061031 -0.0040890 0.0271438 
-0.0036435 -0.0032582 0.0343527 
-0.0001047 -0.0050123 0.0429608 
0.0035355 -0.0020630 0.0473695 
-0.0044567 0.0029772 0.0494380 
-0.0089641 0.0009836 0.0495388 
-0.0099454 0.0055037 0.0488044 
-0.0039383 0.0002552 0.0481206 
-0.0016347 -0.0019559 0.0490768 
0.0010319 0.0086890 0.0466194 
-0.0031723 0.0169955 0.0460455 
0.0009036 0.0161977 0.0450783 
0.0053504 0.0077657 0.0470083 
0.0066888 0.0031444 0.0462115 
0.0025275 0.0021762 0.0441734 
-0.0030119 0.0011302 0.0424928 
-0.0058136 -0.0008568 0.0428719 
-0.0020383 0.0008396 0.0421904 
0.0023064 -0.0031075 0.0408084 
-0.0026346 -0.0021971 0.0394238 
-0.0039394 0.0058380 0.0405372 
-0.0026263 0.0017338 0.0400335 
0.0000733 -0.0082492 0.0381184 
-0.0020253 -0.0086031 0.0338632 
-0.0003360 -0.0063190 0.0277571 
-0.0026591 -0.0062810 0.0236917 
0.0021660 -0.0041197 0.0214516 
0.0052275 -0.0050450 0.0189953 
0.0014781 -0.0027100 0.0139552 
-0.0072182 -0.0004718 0.0084786 
-0.0102634 -0.0033874 -0.0021580 
-0.0055751 -0.0023880 -0.0116442 
0.0020811 -0.0007542 -0.0226367 
0.0043506 -0.0010631 -0.0305065 
0.0009395 -0.0026084 -0.0347272 
-0.0013953 -0.0048654 -0.0372093 
-0.0008816 -0.0035324 -0.0376737 
0.0031371 -0.0061584 -0.0361026 
0.0053886 -0.0073592 -0.0367314 
0.0026025 -0.0044239 -0.0371247 
-0.0010798 -0.0020198 -0.0348882 
0.0057039 -0.0000903 -0.0346710 
0.0092136 0.0056357 -0.0344376 
0.0068832 0.0053345 -0.0336806 
0.0004719 0.0028218 -0.0320259 
-0.0038793 0.0016963 -0.0308065 
-0.0023869 0.0030486 -0.0314620 
-0.0000087 0.0024092 -0.0294045 
0.0036264 0.0040002 -0.0288602 
0.0044785 0.0050447 -0.0278206 
0.0036626 0.0039074 -0.0291775 
-0.0010211 0.0038825 -0.0271910 
-0.0062012 0.0041597 -0.0253957 
-0.0066401 0.0031786 -0.0244348 
-0.0016005 0.0046896 -0.0253689 
0.0056764 0.0045454 -0.0227714 
0.0014453 0.0039426 -0.0214614 
-0.0046132 0.0030823 -0.0192853 
-0.0019112 0.0030350 -0.0160235 
0.0066252 0.0027580 -0.0129561 
0.0097665 0.0010240 -0.0093987 
0.0057336 -0.0005363 -0.0052763 
-0.0009114 -0.0005739 -0.0031164 
-0.0000619 -0.0011995 -0.0036178 
0.0004196 0.0030611 -0.0002019 
0.0036141 0.0040870 0.0002874 
0.0017626 0.0009370 0.0002118 
0.0025945 0.0026007 0.0019784 
-0.0002069 0.0025881 0.0030593 
-0.0033374 0.0004535 0.0003230 
-0.0047324 0.0059834 0.0001106 
-0.0009646 0.0087563 0.0011657 
-0.0018718 0.0078412 -0.0012618 
-0.0083824 0.0063022 -0.0035790 
-0.0111114 0.0029352 -0.0020905 
-0.0056679 0.0003834 -0.0021923 
-0.0005951 0.0021080 -0.0027890 
-0.0034450 0.0019888 0.0001981 
-0.0070693 0.0026490 0.0005355 
-0.0060956 -0.0012176 0.0004959 
-0.0018465 -0.0037892 0.0008548 
-0.0039956 0.0011646 -0.0007292 
-0.0060561 0.0048313 0.0004849 
-0.0009076 0.0026320 -0.0015077 
0.0081479 -0.0014897 -0.0035102 
0.0171478 -0.0020520 -0.0097282 
0.0170190 0.0010282 -0.0158367 
0.0115642 0.0036348 -0.0225320 
0.0015820 0.0011969 -0.0245797 
-0.0050022 0.0001127 -0.0265018 
-0.0176036 0.0009235 -0.0285544 
-0.0114221 -0.0041023 -0.0257681 
-0.0066702 -0.0072865 -0.0256552 
0.0014796 -0.0052039 -0.0263131 
0.0067864 -0.0033196 -0.0265557 
0.0142788 0.0003584 -0.0244566 
-0.0040396 -0.0008188 -0.0233324 
-0.0287668 -0.0048307 -0.0215414 
-0.0261568 -0.0041497 -0.0201612 
-0.0138179 -0.0011505 -0.0191957 
0.0027136 -0.0008673 -0.0198719 
0.0069579 0.0020644 -0.0134436 
-0.0012845 0.0011666 -0.0140512 
-0.0166218 0.0054990 -0.0173240 
-0.0196939 0.0125797 -0.0120884 
-0.0159101 0.0127057 -0.0106924 
0.0074678 0.0190573 -0.0100296 
0.0316219 0.0158441 -0.0018397 
0.0306545 0.0081336 0.0048283 
-0.0010384 -0.0000255 0.0080192 
-0.0185507 -0.0060590 0.0185284 
-0.0253098 -0.0075554 0.0197425 
-0.0159924 -0.0046012 0.0148644 
-0.0025733 0.0041994 0.0202857 
-0.0020360 0.0063412 0.0179938 
-0.0006131 0.0010650 0.0097273 
0.0102846 -0.0051332 0.0063502 
0.0066241 0.0037255 -0.0089435 
-0.0130824 0.0170238 -0.0140029 
0.0050051 0.0055956 -0.0055881 
0.0076752 0.0000037 -0.0179066 
0.0147668 -0.0011640 -0.0160075 
0.0170475 -0.0042747 -0.0076488 
0.0124121 -0.0016013 -0.0127194 
0.0131351 0.0088309 -0.0124059 
0.0107125 0.0084353 -0.0026222 
0.0077544 0.0023732 -0.0054029 
-0.0051881 0.0030379 -0.0051912 
-0.0033078 -0.0069244 0.0040210 
-0.0032126 -0.0192743 -0.0006592 
-0.0011951 -0.0123475 -0.0017131 
0.0003089 0.0045272 0.0008369 
0.0016673 0.0004808 -0.0005996 
0.0009108 -0.0025570 0.0006155 
-0.0012108 0.0052830 0.0005179 
0.0002577 0.0007089 -0.0006084 
0.0009574 -0.0027809 0.0012733 
-0.0005069 0.0023835 0.0007314 
-0.0007448 -0.0004120 0.0003914 
0.0004049 -0.0015493 0.0017969 
0.0003615 -0.0002443 -0.0004892 
0.0003110 0.0010736 -0.0001974 
0.0004654 -0.0004748 -0.0002328 
0.0004432 -0.0005089 0.0007017 
0.0002987 0.0012482 0.0013015 
-0.0006470 -0.0004747 -0.0014649 
-0.0001922 -0.0001216 -0.0007326 
0.0002625 0.0002315 -0.0000004 
-0.0001366 0.0008889 0.0006368 
-0.0002761 -0.0006989 -0.0003527 
0.0008445 -0.0001257 0.0000391 
0.0006813 0.0002324 0.0002840 
0.0000418 -0.0007093 -0.0000568 
0.0001229 0.0000708 0.0007476 
0.0000122 -0.0000788 0.0001767 
-0.0006589 0.0003389 -0.0000825 
-0.0008134 -0.0009072 0.0003978 
-0.0008190 0.0000357 0.0002848 
0.0006309 0.0004904 -0.0010364 
-0.0009036 -0.0003162 -0.0003267 
-0.0003177 0.0004687 -0.0002543 
0.0002206 -0.0004541 0.0001333 
-0.0000896 -0.0009984 -0.0003265 
-0.0003064 0.0001574 -0.0008117 
-0.0002163 -0.0005769 0.0003716 
0.0000283 0.0005390 -0.0006775 
0.0004510 -0.0003395 0.0001510 
-0.0011019 -0.0002164 0.0002480 
-0.0000027 0.0001977 0.0005336 
-0.0001879 -0.0002332 -0.0001890 
-0.0001698 0.0006173 -0.0000687 
-0.0003968 -0.0012208 0.0004376 
0.0007763 -0.0001174 -0.0000924 
0.0007823 -0.0001985 0.0000894 
-0.0013821 0.0003147 -0.0002806 
0.0005148 -0.0003296 0.0000305 
0.0005918 -0.0000938 0.0008419 
-0.0003742 0.0003456 -0.0003357 
-0.0000036 -0.0005996 0.0003485 
0.0001051 0.0000599 -0.0003692 
-0.0006176 -0.0002556 0.0003594 
0.0001204 -0.0003021 -0.0001466 
-0.0000830 -0.0003150 -0.0000109 
-0.0005907 -0.0002964 0.0003043 
0.0003421 0.0006992 0.0004594 
0.0006526 -0.0005675 -0.0001401 
-0.0002559 -0.0001483 -0.0002183 
0.0001931 -0.0008017 -0.0000539 
-0.0000408 -0.0009888 0.0000771 
-0.0005435 0.0012075 -0.0005028 
0.0009748 -0.0000055 0.0003347 
-0.0006449 -0.0009308 0.0000275 
0.0003515 -0.0004734 0.0005263 
-0.0002242 -0.0008020 -0.0006898 
0.0004071 0.0009108 0.0002495 
-0.0002875 -0.0001084 -0.0003197 
0.0004711 0.0009513 -0.0002611 
-0.0001862 -0.0011942 -0.0006947 
0.0003305 0.0003376 0.0010113 
-0.0002988 -0.0003342 0.0008715 
-0.0000046 0.0001459 -0.0002867 
-0.0002740 -0.0000265 0.0000247 
-0.0005269 -0.0004573 0.0003088 
-0.0003480 -0.0004284 -0.0002675 
-0.0001728 -0.0002275 0.0001125 
-0.0004297 -0.0001338 0.0004827 
0.0003219 -0.0008281 -0.0000677 
-0.0001021 0.0005256 0.0004973 
-0.0006928 0.0008448 0.0000019 
0.0003589 -0.0000387 0.0007577 
-0.0000084 -0.0002217 -0.0002824 
0.0002887 -0.0008033 0.0005945 
0.0006611 -0.0038187 -0.0022767 
0.0004060 -0.0087483 -0.0010553 
-0.0004412 -0.0061721 -0.0012609 
-0.0004391 -0.0032737 -0.0029662 
-0.0006593 -0.0043319 -0.0020548 
-0.0037423 -0.0033024 -0.0036662 
-0.0043520 -0.0092071 -0.0047997 
-0.0068918 -0.0252439 -0.0039279 
-0.0089268 -0.0348559 -0.0063111 
-0.0261799 -0.0340738 -0.0012540 
-0.0254736 -0.0373020 0.0028779 
-0.0068560 -0.0315392 0.0025596 
0.0041815 -0.0239565 0.0040927 
-0.0123735 -0.0103164 0.0060929 
-0.0298406 -0.0147799 0.0123244 
-0.0393166 -0.0016356 0.0254208 
-0.0058490 -0.0007471 0.0347505 
0.0268893 0.0058872 0.0292217 
0.0419955 0.0066322 0.0277626 
0.0477373 0.0144776 0.0392604 
0.0421547 0.0180563 0.0395594 
0.0339827 0.0166448 0.0342039 
0.0503226 0.0064776 0.0380256 
0.0138364 0.0349018 0.0292785 
-0.0387735 0.0841273 0.0204014 
-0.0637416 0.0650526 0.0286488 
-0.0602807 0.0303692 0.0163954 
-0.0393906 0.0122764 0.0156765 
-0.0055280 -0.0140082 0.0255714 
0.0142736 -0.0341396 0.0166416 
0.0091975 -0.0281945 0.0162843 
0.0034176 -0.0139663 0.0310723 
0.0131272 -0.0037785 0.0363864 
0.0125247 -0.0027352 0.0324824 
0.0055070 0.0011849 0.0386350 
-0.0067427 0.0016911 0.0433838 
-0.0051832 -0.0032669 0.0423062 
0.0188886 -0.0209684 0.0506756 
0.0156208 -0.0241127 0.0477388 
-0.0012964 -0.0198404 0.0515324 
-0.0083819 -0.0118941 0.0615803 
0.0053081 -0.0086077 0.0665164 
0.0056915 -0.0105498 0.0656967 
0.0187479 -0.0170294 0.0681681 
-0.0128233 -0.0169281 0.0741087 
-0.0149920 -0.0090576 0.0662788 
-0.0020235 -0.0037133 0.0698718 
0.0159869 0.0293307 0.0823007 
0.0236728 0.0631325 0.0700759 
0.0084280 0.0715461 0.0494832 
-0.0345931 0.0356503 0.0360246 
-0.0619041 0.0218508 0.0146042 
-0.0669591 0.0124480 0.0065033 
-0.0188087 -0.0031077 -0.0025254 
0.0035475 0.0101722 -0.0170126 
0.0331464 0.0047719 -0.0225548 
0.0365502 0.0086078 -0.0145172 
0.0359093 0.0050479 -0.0194011 
0.0181805 -0.0101086 -0.0267546 
0.0094870 -0.0406764 -0.0224730 
-0.0105308 -0.0119087 -0.0296108 
-0.0232032 0.0192292 -0.0368894 
0.0014477 0.0162877 -0.0356969 
0.0417787 0.0570954 -0.0339809 
0.0535901 0.0409010 -0.0242602 
0.0204483 -0.0049660 -0.0248790 
-0.0430957 -0.0120238 -0.0246014 
-0.0507929 0.0027126 -0.0168251 
-0.0063375 0.0099607 -0.0193798 
0.0256818 -0.0022624 -0.0189967 
0.0317103 -0.0034742 -0.0192078 
0.0101514 -0.0206520 -0.0081520 
0.0134765 -0.0615243 -0.0071717 
-0.0017743 -0.0367128 -0.0214330 
-0.0302439 -0.0361359 -0.0232328 
-0.0046917 -0.0864435 -0.0153741 
0.0155488 -0.0730753 -0.0177473 
0.0225578 -0.0496907 -0.0235119 
-0.0166335 -0.0442312 -0.0235444 
-0.0399999 -0.0099769 -0.0238654 
-0.0179932 0.0258943 -0.0203890 
0.0202167 0.0502137 -0.0201993 
0.0262714 0.0692173 -0.0207000 
0.0225463 0.0293150 -0.0204609 
-0.0058590 0.0038138 -0.0220650 
-0.0129651 -0.0067198 -0.0249670 
-0.0052083 -0.0121876 -0.0244449 
0.0019021 -0.0003840 -0.0243870 
-0.0043135 0.0079576 -0.0256494 
-0.0111918 0.0085038 -0.0267434 
-0.0168851 0.0070102 -0.0260239 
-0.0068956 0.0108305 -0.0259648 
0.0067816 0.0093099 -0.0230492 
0.0057452 0.0040538 -0.0186796 
0.0041274 0.0035738 -0.0129203 
-0.0042199 0.0139049 -0.0065606 
-0.0031338 0.0189195 0.0010470 
0.0055348 0.0107662 0.0088795 
0.0106810 0.0003257 0.0204753 
0.0074967 -0.0007248 0.0302735 
0.0021482 -0.0056372 0.0401020 
-0.0005422 -0.0099129 0.0441541 
0.0054353 0.0037388 0.0427055 
0.0070302 0.0139263 0.0409857 
0.0034112 0.0097594 0.0361924 
0.0055743 0.0079940 0.0328111 
0.0032388 -0.0010226 0.0272321 
0.0043576 -0.0089837 0.0216635 
0.0032062 -0.0031785 0.0134392 
0.0119777 -0.0089700 0.0039313 
-0.0010048 -0.0220226 -0.0028013 
-0.0330596 -0.0262785 -0.0018050 
-0.0308119 -0.0290932 -0.0041733 
0.0050301 -0.0109102 -0.0047576 
0.0142381 0.0085785 -0.0084489 
-0.0082531 0.0349834 -0.0120302 
-0.0289711 0.0292613 -0.0119661 
-0.0282792 0.0015770 -0.0113322 
-0.0112022 -0.0077227 -0.0125841 
-0.0027426 0.0011364 -0.0136093 
0.0029202 0.0028058 -0.0147777 
0.0007783 -0.0096337 -0.0152690 
-0.0074862 -0.0050536 -0.0157575 
-0.0078951 0.0010387 -0.0166789 
-0.0148218 0.0027674 -0.0131538 
-0.0065163 0.0043731 -0.0129205 
0.0036414 0.0107962 -0.0130327 
0.0100161 0.0102846 -0.0133395 
0.0027080 -0.0003396 -0.0145115 
-0.0018297 -0.0007358 -0.0159772 
0.0010618 0.0070050 -0.0154427 
0.0071504 0.0066064 -0.0129341 
0.0134129 0.0008449 -0.0115037 
0.0135415 -0.0002231 -0.0069366 
0.0108433 0.0003026 0.0037890 
0.0057076 0.0047600 0.0084146 
-0.0143283 0.0187791 0.0086186 
-0.0067653 0.0157878 0.0103678 
0.0005657 0.0110284 0.0131397 
0.0202169 0.0016293 0.0085138 
0.0168602 -0.0083464 0.0091294 
0.0074157 -0.0129800 0.0092179 
-0.0129724 -0.0016860 0.0084272 
-0.0090315 -0.0015601 0.0088882 
0.0010358 -0.0012831 0.0106193 
0.0068310 0.0106902 0.0097647 
0.0020486 0.0083413 0.0071307 
-0.0062433 -0.0219900 0.0043149 
-0.0126434 -0.0284395 0.0043930 
-0.0090279 -0.0020982 0.0067018 
0.0010220 0.0061097 0.0040858 
0.0050080 -0.0045875 0.0023037 
-0.0026010 -0.0067916 0.0032617 
-0.0073182 0.0070154 0.0052944 
-0.0172217 0.0076747 0.0043658 
-0.0102902 -0.0065047 0.0015161 
-0.0005511 -0.0131475 0.0047600 
0.0206357 -0.0031581 0.0048650 
0.0209604 0.0059421 0.0043989 
0.0034598 0.0059522 0.0021758 
-0.0244198 -0.0004913 -0.0016586 
-0.0339093 -0.0023286 -0.0035808 
-0.0109736 0.0014665 -0.0031207 
0.0186608 -0.0019157 -0.0045074 
0.0354025 -0.0021847 -0.0050795 
0.0209503 0.0007476 -0.0072496 
-0.0025125 0.0005455 -0.0096849 
-0.0257728 -0.0010443 -0.0084516 
-0.0131483 -0.0052789 -0.0063630 
0.0010966 0.0031661 -0.0057657 
0.0148463 0.0158567 -0.0082150 
0.0116774 0.0169015 -0.0031446 
0.0123525 0.0056895 -0.0042876 
0.0118354 -0.0064129 -0.0063695 
0.0126354 0.0031689 -0.0098427 
0.0092853 0.0168430 -0.0064787 
0.0014420 0.0099514 -0.0046335 
-0.0166045 -0.0007422 -0.0038408 
-0.0192486 -0.0077244 -0.0060001 
-0.0044850 -0.0120132 -0.0058937 
0.0142062 -0.0049436 -0.0044883 
0.0200796 0.0011648 -0.0032804 
0.0158034 -0.0031296 -0.0019151 
-0.0018330 0.0023338 -0.0104555 
-0.0244100 0.0135325 -0.0098922 
-0.0185368 0.0161050 -0.0100143 
-0.0043643 0.0097067 -0.0027417 
0.0156922 0.0004293 -0.0051655 
0.0038652 -0.0053894 -0.0065402 
0.0017110 -0.0072321 -0.0076288 
-0.0032240 -0.0031181 -0.0060714 
-0.0024842 -0.0014004 -0.0059831 
-0.0043569 -0.0064003 -0.0046000 
-0.0050257 -0.0140339 -0.0040754 
0.0006635 -0.0096751 -0.0012042 
0.0014258 0.0012471 0.0021561 
-0.0018358 0.0093999 0.0069369 
-0.0049880 -0.0015663 0.0103070 
-0.0096402 -0.0131877 0.0084717 
-0.0096522 -0.0124264 0.0081084 
-0.0037652 -0.0046444 0.0066439 
0.0018426 0.0103098 0.0046727 
0.0148634 0.0263641 0.0030222 
0.0122368 0.0152042 0.0033241 
0.0027956 -0.0072077 0.0034882 
-0.0076381 -0.0135061 0.0024867 
-0.0266719 -0.0018348 0.0016475 
-0.0223051 0.0092788 0.0035775 
-0.0171393 0.0302427 0.0021284 
-0.0001612 0.0151146 0.0015044 
0.0085097 -0.0183239 0.0028864 
0.0047288 -0.0279336 -0.0007422 
-0.0048163 -0.0229090 0.0011808 
-0.0032050 -0.0160533 0.0037457 
0.0046623 -0.0167321 -0.0001254 
0.0094541 -0.0018672 -0.0037963 
0.0028532 0.0092366 -0.0003196 
0.0042076 0.0103702 0.0018200 
0.0068890 0.0086441 -0.0006789 
0.0068111 0.0046257 -0.0013183 
-0.0013044 -0.0041284 0.0000065 
-0.0115194 -0.0111015 -0.0025997 
-0.0197369 -0.0109674 -0.0012162 
-0.0114620 0.0013906 0.0009480 
0.0000544 0.0062993 -0.0009520 
0.0029968 -0.0012399 -0.0010940 
-0.0037738 -0.0144715 -0.0001955 
-0.0078306 -0.0180111 0.0022357 
-0.0012322 -0.0000796 -0.0002683 
-0.0008026 0.0125056 -0.0030131 
-0.0058771 0.0098938 -0.0013392 
-0.0098363 0.0060117 0.0006897 
-0.0036135 0.0031484 -0.0014863 
0.0000581 -0.0006892 -0.0020386 
-0.0000392 0.0007169 -0.0013834 
-0.0066807 0.0039111 -0.0017967 
-0.0070533 0.0019203 -0.0010240 
-0.0021984 0.0009832 -0.0007624 
-0.0022207 -0.0003848 -0.0009963 
-0.0038246 -0.0006649 -0.0006707 
-0.0043192 0.0005398 -0.0006776 
-0.0035055 -0.0000095 -0.0010335 
-0.0029527 0.0004915 -0.0009431 
-0.0029519 0.0003507 0.0004841 
-0.0024144 -0.0003360 -0.0006901 
-0.0012052 -0.0012562 -0.0004146 
-0.0009909 -0.0030813 -0.0002403 
-0.0000969 -0.0039290 0.0001713 
0.0016183 -0.0036259 0.0000736 
0.0001998 -0.0012017 -0.0017669 
-0.0011660 0.0002946 -0.0007669 
-0.0011900 0.0006707 -0.0005131 
0.0002374 0.0008389 0.0003412 
0.0039310 0.0005421 -0.0008797 
0.0116573 -0.0038662 -0.0003134 
0.0120482 -0.0023541 0.0013199 
0.0135985 -0.0028007 -0.0015554 
0.0013715 -0.0039861 -0.0000720 
-0.0028155 0.0010378 0.0008153 
-0.0114601 0.0079025 -0.0021589 
-0.0027685 0.0089174 -0.0016693 
0.0069140 0.0086786 0.0006511 
0.0145585 0.0042012 -0.0035343 
0.0104008 -0.0031415 -0.0036244 
-0.0002401 -0.0063453 -0.0001418 
-0.0066481 -0.0046255 -0.0013437 
-0.0038565 0.0032223 -0.0021502 
0.0068328 0.0108841 -0.0037316 
0.0041503 0.0047958 -0.0044332 
-0.0068093 0.0009851 -0.0027441 
-0.0119998 -0.0013394 -0.0025070 
-0.0009785 -0.0060405 -0.0034753 
0.0193767 -0.0127100 -0.0048725 
0.0149023 -0.0105213 -0.0051933 
-0.0000175 -0.0010518 -0.0054114 
-0.0224219 0.0035786 -0.0058386 
-0.0260866 0.0056468 -0.0071395 
-0.0189373 0.0060675 -0.0060470 
-0.0050436 0.0018075 -0.0028409 
0.0002478 -0.0014001 -0.0065883 
0.0034293 0.0001533 -0.0045432 
0.0010099 0.0000732 -0.0018455 
0.0002731 0.0037188 -0.0012124 
-0.0011121 -0.0072671 0.0010102 
-0.0008321 -0.0188643 0.0007810 
0.0007692 -0.0128446 -0.0008136 
0.0012327 0.0040214 0.0000491 
0.0009523 0.0026172 0.0009875 
-0.0005003 0.0007416 -0.0002558 
-0.0012440 0.0037617 -0.0009265 
0.0008369 -0.0009784 0.0003860 
0.0002808 -0.0029478 0.0006373 
-0.0000639 0.0030250 0.0005976 
0.0004132 0.0002223 0.0002044 
0.0009338 -0.0015789 -0.0001490 
0.0004115 0.0015585 -0.0004234 
-0.0002264 -0.0000860 -0.0001643 
