-0.0058886 0.0081167 -0.0058409 
-0.0120813 0.0102910 -0.0018300 
-0.0121622 0.0067480 0.0075887 
0.0046915 0.0132596 0.0041613 
0.0014208 0.0216658 0.0019673 
0.0079934 0.0131926 0.0137711 
0.0013332 0.0072022 0.0166348 
-0.0106427 0.0127604 0.0109850 
-0.0150462 0.0055535 0.0242759 
-0.0069694 -0.0013377 0.0323278 
-0.0012038 -0.0001997 0.0302291 
-0.0024956 0.0081169 0.0336521 
-0.0036652 0.0161916 0.0306425 
-0.0032700 0.0129175 0.0269211 
0.0096347 -0.0002843 0.0269516 
0.0136924 -0.0081962 0.0319512 
0.0108405 -0.0107443 0.0312158 
-0.0029111 -0.0009843 0.0399860 
-0.0033322 0.0057746 0.0510475 
-0.0066254 0.0092506 0.0526781 
-0.0131958 0.0128206 0.0553461 
-0.0151169 0.0121291 0.0598793 
-0.0158147 0.0076916 0.0565530 
-0.0109170 -0.0026914 0.0582245 
-0.0149984 -0.0056300 0.0589668 
-0.0109479 -0.0054668 0.0553560 
-0.0076077 -0.0048979 0.0513048 
-0.0011879 -0.0031894 0.0449984 
0.0024689 -0.0041673 0.0385490 
0.0056153 0.0045529 0.0440323 
0.0151683 0.0095098 0.0456344 
0.0094143 0.0045313 0.0425739 
0.0040075 -0.0046983 0.0468420 
0.0024387 -0.0184643 0.0444346 
0.0009423 -0.0069910 0.0458282 
0.0186144 -0.0073176 0.0537281 
0.0259299 -0.0180685 0.0628484 
0.0155073 -0.0293398 0.0626261 
-0.0106826 -0.0489116 0.0571614 
-0.0253058 -0.0275485 0.0650158 
0.0104395 0.0108627 0.0665138 
0.0371384 0.0208802 0.0625400 
0.0352360 0.0132177 0.0566856 
0.0206588 0.0099996 0.0510973 
0.0193617 -0.0092334 0.0372018 
0.0107337 -0.0133251 0.0232092 
-0.0025514 -0.0095455 0.0094368 
-0.0162870 0.0021223 -0.0039487 
-0.0144564 -0.0027545 -0.0298057 
-0.0041031 -0.0262725 -0.0509697 
-0.0318712 -0.0082109 -0.0586121 
-0.0178156 -0.0093265 -0.0621218 
0.0012982 -0.0001817 -0.0599549 
0.0450519 0.0056038 -0.0646843 
0.0387596 0.0038984 -0.0627950 
0.0073285 -0.0008088 -0.0687869 
-0.0233242 0.0003610 -0.0657522 
-0.0315517 -0.0012489 -0.0571517 
-0.0107315 0.0027778 -0.0575338 
-0.0000426 0.0093837 -0.0531914 
0.0150324 0.0054725 -0.0467199 
0.0296400 0.0012742 -0.0356604 
0.0363830 0.0011027 -0.0356900 
0.0205755 0.0064345 -0.0280300 
-0.0005427 -0.0016709 -0.0250241 
-0.0163444 -0.0062181 -0.0354306 
-0.0292405 -0.0107392 -0.0349858 
-0.0150273 -0.0079864 -0.0376251 
0.0007383 -0.0060321 -0.0503413 
0.0189553 -0.0103845 -0.0521984 
0.0176574 -0.0066020 -0.0448725 
0.0224549 -0.0154723 -0.0403699 
0.0074954 -0.0121966 -0.0419406 
-0.0156479 -0.0048728 -0.0382660 
-0.0172796 -0.0032401 -0.0274351 
0.0031649 -0.0056464 -0.0302782 
0.0030823 -0.0037550 -0.0284508 
-0.0119313 0.0058452 -0.0224229 
-0.0170328 -0.0019979 -0.0152194 
-0.0101324 -0.0193999 -0.0133784 
0.0040534 -0.0260789 -0.0138576 
0.0081076 -0.0226111 -0.0072971 
0.0092256 -0.0113080 -0.0037047 
0.0023121 -0.0025682 0.0018376 
-0.0027363 -0.0022276 0.0111337 
-0.0042966 -0.0013483 0.0215317 
-0.0015639 -0.0007823 0.0325072 
0.0014733 -0.0019419 0.0438731 
0.0048354 -0.0047333 0.0478941 
0.0013766 -0.0025192 0.0500900 
-0.0035662 -0.0032219 0.0519637 
-0.0048128 -0.0048484 0.0552831 
-0.0019801 -0.0081620 0.0587264 
0.0002201 -0.0100504 0.0641981 
0.0028272 -0.0068804 0.0672101 
-0.0022758 -0.0045370 0.0725917 
-0.0085761 -0.0048761 0.0783170 
-0.0038882 -0.0060260 0.0817319 
0.0008826 -0.0018114 0.0822168 
-0.0004479 0.0041533 0.0821078 
-0.0017891 0.0088592 0.0781296 
-0.0045368 0.0076538 0.0743904 
0.0047970 0.0063449 0.0676525 
-0.0029998 0.0019482 0.0628447 
-0.0051502 -0.0008120 0.0601815 
-0.0098128 -0.0024950 0.0485042 
-0.0016785 -0.0032913 0.0297188 
-0.0103898 0.0000885 0.0144005 
-0.0115754 0.0002173 -0.0080931 
-0.0029910 -0.0079794 -0.0152602 
0.0123677 -0.0120809 -0.0137914 
0.0118734 -0.0078112 -0.0097956 
-0.0013066 0.0074283 -0.0104319 
-0.0081788 0.0251917 -0.0095877 
-0.0023225 0.0317388 -0.0088967 
0.0041457 0.0376668 -0.0094018 
-0.0021424 0.0377699 -0.0118325 
0.0070376 0.0321125 -0.0101394 
0.0042559 0.0143845 -0.0100539 
-0.0021261 -0.0004314 -0.0119581 
-0.0084152 -0.0100807 -0.0105235 
0.0063796 -0.0101185 -0.0106022 
0.0042959 -0.0126502 -0.0129796 
0.0002910 -0.0061630 -0.0153859 
-0.0007886 -0.0022873 -0.0151138 
-0.0021478 0.0040381 -0.0244878 
0.0005232 0.0137378 -0.0316282 
0.0045704 0.0048404 -0.0295239 
0.0004303 -0.0000345 -0.0303670 
-0.0036622 -0.0045331 -0.0339877 
-0.0113806 -0.0067283 -0.0316716 
-0.0039182 -0.0029652 -0.0312895 
-0.0032808 -0.0007962 -0.0321369 
-0.0001122 -0.0047126 -0.0355522 
0.0005440 -0.0177050 -0.0381076 
-0.0053558 -0.0139460 -0.0412373 
-0.0002618 -0.0056288 -0.0423018 
-0.0013542 -0.0045287 -0.0408913 
-0.0041267 -0.0065490 -0.0400815 
-0.0144757 -0.0085853 -0.0384106 
-0.0044700 -0.0016493 -0.0284632 
0.0096668 0.0106599 -0.0243145 
0.0065096 0.0052629 -0.0281879 
0.0062535 -0.0011453 -0.0215411 
0.0014753 -0.0024916 -0.0175417 
-0.0247945 -0.0006101 -0.0191331 
-0.0330000 -0.0065532 -0.0203000 
-0.0312548 -0.0163766 -0.0174099 
-0.0068259 -0.0170605 -0.0176039 
-0.0061640 -0.0220715 -0.0109071 
0.0246764 -0.0039554 -0.0065920 
0.0155191 0.0252934 -0.0017621 
0.0143884 0.0551385 -0.0082626 
-0.0011251 0.0624403 -0.0062986 
-0.0102701 0.0442758 -0.0031532 
-0.0143454 0.0224294 -0.0038404 
-0.0144847 0.0316096 -0.0083630 
0.0172432 0.0117831 -0.0064192 
0.0298947 -0.0005290 -0.0110151 
0.0358772 -0.0180118 -0.0117843 
0.0257023 -0.0246156 -0.0125597 
0.0102556 -0.0024541 -0.0283628 
-0.0177816 0.0142704 -0.0261468 
-0.0151241 0.0019956 -0.0263305 
0.0015529 -0.0128958 -0.0287017 
0.0192825 -0.0126071 -0.0290302 
0.0087357 -0.0041017 -0.0305617 
-0.0029297 -0.0002008 -0.0302120 
-0.0013671 -0.0051545 -0.0266361 
0.0084326 -0.0091124 -0.0300097 
0.0022817 -0.0087746 -0.0314034 
-0.0030985 -0.0090607 -0.0280306 
-0.0070182 -0.0110319 -0.0222635 
-0.0049449 -0.0130423 -0.0126453 
-0.0064643 -0.0155775 -0.0059280 
0.0042503 -0.0168560 -0.0048610 
0.0092687 -0.0094716 -0.0055449 
0.0159979 0.0015847 -0.0051598 
0.0049290 0.0063364 -0.0050031 
-0.0018047 0.0037663 -0.0033866 
-0.0107834 0.0027003 0.0031152 
-0.0093677 0.0018978 0.0056620 
-0.0071559 -0.0022694 0.0068488 
0.0034668 -0.0054896 0.0080663 
0.0027447 -0.0079502 0.0078600 
0.0066695 -0.0149126 0.0102471 
0.0054507 -0.0196933 0.0184902 
0.0081154 -0.0123460 0.0224443 
0.0007613 -0.0020674 0.0190443 
-0.0069104 -0.0008797 0.0178528 
-0.0081687 -0.0008076 0.0166579 
-0.0073914 -0.0017436 0.0141094 
-0.0048012 0.0010841 0.0122937 
-0.0039185 0.0063605 0.0136870 
0.0015053 0.0146770 0.0136874 
0.0066893 0.0182003 0.0156122 
0.0126626 0.0151978 0.0236679 
0.0112008 0.0101407 0.0305487 
0.0037113 0.0070946 0.0357188 
-0.0054743 0.0078450 0.0401264 
-0.0089201 0.0101089 0.0426912 
-0.0060302 0.0132500 0.0422398 
-0.0015817 0.0120008 0.0392240 
0.0021579 0.0050480 0.0395843 
0.0038781 -0.0025588 0.0394930 
0.0010311 -0.0068781 0.0388724 
-0.0028858 -0.0071911 0.0356187 
-0.0035611 -0.0016438 0.0323882 
0.0013257 0.0023726 0.0264653 
0.0032784 0.0030296 0.0176460 
0.0011740 0.0036856 0.0108675 
0.0013936 0.0025545 0.0039832 
0.0065721 -0.0011440 0.0013045 
0.0105754 0.0016234 0.0041341 
0.0122747 0.0053001 0.0113251 
0.0067803 0.0057091 0.0163781 
-0.0000383 0.0014339 0.0225751 
-0.0039276 -0.0021380 0.0260818 
-0.0053413 -0.0019418 0.0228863 
-0.0022732 -0.0026866 0.0248009 
-0.0045902 -0.0011993 0.0236164 
-0.0045239 0.0023883 0.0213227 
0.0020226 -0.0022696 0.0188272 
0.0091561 -0.0063057 0.0152417 
0.0064789 -0.0078764 0.0108531 
0.0042786 -0.0063086 0.0090754 
-0.0030810 -0.0036781 0.0071725 
-0.0016693 0.0017653 -0.0007246 
0.0001282 0.0057087 -0.0075550 
0.0014112 0.0042781 -0.0114276 
-0.0032746 0.0058508 -0.0154609 
-0.0080042 -0.0010044 -0.0200799 
-0.0060979 -0.0126826 -0.0243093 
0.0011335 -0.0114686 -0.0333223 
0.0006845 -0.0091827 -0.0395461 
-0.0018354 -0.0088972 -0.0403743 
-0.0039620 -0.0123237 -0.0396037 
-0.0062233 -0.0110426 -0.0364633 
0.0012505 -0.0115959 -0.0330548 
0.0083706 -0.0149176 -0.0260028 
0.0100556 -0.0156867 -0.0169116 
0.0029938 -0.0159668 -0.0076304 
-0.0064955 -0.0092506 0.0030761 
-0.0072216 -0.0091124 0.0100121 
-0.0058070 -0.0059422 0.0147696 
0.0005557 0.0068399 0.0226405 
0.0185500 0.0137549 0.0295965 
0.0189909 0.0000202 0.0437708 
-0.0011801 -0.0076746 0.0502358 
-0.0237080 -0.0057188 0.0510084 
-0.0211516 -0.0069290 0.0483357 
-0.0198724 -0.0049047 0.0450167 
-0.0356539 -0.0055859 0.0382668 
-0.0376954 -0.0009571 0.0271244 
-0.0129923 0.0086098 0.0185510 
0.0206535 0.0024475 0.0107853 
0.0341322 -0.0057878 0.0024644 
0.0252986 -0.0053180 -0.0022794 
-0.0029834 0.0148544 -0.0052563 
-0.0254225 0.0173271 -0.0075601 
-0.0088562 -0.0001018 -0.0074970 
0.0110890 -0.0037965 -0.0059688 
0.0127244 0.0043438 -0.0115590 
-0.0239992 0.0150631 -0.0090306 
-0.0298055 0.0081134 -0.0047526 
-0.0073365 0.0123236 -0.0026647 
-0.0140022 0.0042644 -0.0031615 
-0.0179470 -0.0086358 -0.0068037 
-0.0190102 -0.0116140 -0.0019561 
-0.0045252 -0.0317066 -0.0067654 
0.0183019 -0.0211576 -0.0027229 
0.0339369 0.0102741 0.0025664 
0.0451161 -0.0086862 -0.0056726 
0.0399897 -0.0199551 -0.0042239 
0.0240667 -0.0000223 -0.0011590 
0.0103428 0.0042707 -0.0037735 
-0.0432304 0.0055715 -0.0089943 
-0.0630831 0.0065657 -0.0028860 
-0.0494821 0.0013155 0.0020402 
0.0078295 0.0315845 0.0011704 
0.0385346 0.0542276 0.0056360 
0.0138777 0.0410614 0.0092506 
-0.0212384 0.0567714 0.0077455 
0.0045110 0.0490790 -0.0018931 
0.0269206 0.0100372 -0.0062148 
0.0283657 0.0130266 -0.0089779 
-0.0113400 0.0311180 -0.0076703 
-0.0329327 0.0154278 -0.0090221 
-0.0188006 0.0261963 -0.0053533 
-0.0058721 0.0100913 -0.0059073 
0.0176076 -0.0012962 -0.0050647 
0.0122433 -0.0058630 -0.0109264 
0.0035360 -0.0065654 -0.0117862 
-0.0113660 -0.0127620 0.0002603 
0.0052948 -0.0220355 -0.0023513 
0.0057167 -0.0221111 -0.0002387 
-0.0141466 -0.0436526 0.0055015 
0.0004319 -0.0282379 0.0119510 
0.0150104 -0.0128232 0.0184004 
0.0289551 -0.0300147 0.0265491 
0.0170740 -0.0292847 0.0262967 
0.0010032 -0.0195558 0.0370094 
0.0071771 -0.0248143 0.0405713 
0.0167950 -0.0256874 0.0320360 
0.0058092 -0.0208045 0.0248543 
-0.0046704 0.0082933 0.0210906 
-0.0049130 0.0134952 0.0060653 
-0.0198481 0.0239367 -0.0153755 
-0.0166177 0.0273679 -0.0141132 
0.0159389 0.0153079 -0.0119148 
0.0298460 0.0139861 -0.0259743 
0.0134583 0.0128557 -0.0232667 
-0.0003811 0.0066835 -0.0171734 
-0.0069407 0.0028599 -0.0250208 
-0.0023227 0.0049962 -0.0286642 
0.0032519 0.0033649 -0.0221373 
0.0041509 0.0014778 -0.0242042 
0.0017208 0.0034928 -0.0259493 
0.0014314 0.0023685 -0.0219740 
0.0039278 -0.0012287 -0.0213109 
0.0048842 -0.0002896 -0.0244900 
0.0045374 0.0016295 -0.0237248 
0.0044199 0.0014099 -0.0218207 
0.0058535 0.0001862 -0.0259883 
0.0039805 -0.0013628 -0.0264773 
0.0034843 -0.0006777 -0.0243840 
0.0051024 0.0010070 -0.0244387 
0.0038024 0.0028583 -0.0264785 
0.0014231 0.0001127 -0.0245469 
-0.0014855 -0.0009208 -0.0249701 
-0.0014417 0.0021679 -0.0269173 
0.0005944 0.0046420 -0.0240362 
0.0025703 0.0032055 -0.0255735 
0.0010789 0.0042686 -0.0258874 
-0.0023937 0.0026515 -0.0249821 
-0.0002782 0.0005402 -0.0250300 
-0.0008181 0.0019490 -0.0252868 
0.0018668 0.0022128 -0.0242721 
0.0028203 0.0029461 -0.0234960 
0.0039796 0.0045657 -0.0245109 
0.0035109 0.0053092 -0.0232510 
0.0018655 0.0035739 -0.0223562 
0.0011284 -0.0008235 -0.0243349 
-0.0001582 -0.0008651 -0.0233160 
-0.0022728 -0.0033669 -0.0233255 
-0.0013445 -0.0017796 -0.0250323 
-0.0002925 0.0002410 -0.0257737 
0.0009070 0.0008225 -0.0280907 
0.0015443 -0.0001562 -0.0295479 
0.0003213 -0.0010213 -0.0304626 
0.0019662 -0.0013941 -0.0312178 
0.0013779 -0.0003854 -0.0341923 
0.0008300 -0.0004654 -0.0350579 
0.0008208 -0.0014203 -0.0343766 
0.0033055 0.0003177 -0.0375583 
0.0042829 -0.0005204 -0.0389347 
0.0048104 -0.0031151 -0.0384106 
0.0053838 -0.0017995 -0.0394637 
0.0068511 -0.0045089 -0.0412693 
0.0057669 -0.0062594 -0.0402302 
0.0048452 -0.0066836 -0.0372564 
0.0085957 -0.0074696 -0.0331361 
0.0055250 -0.0078767 -0.0278770 
0.0025405 -0.0021908 -0.0207555 
-0.0021430 0.0007827 -0.0169036 
-0.0031784 -0.0015469 -0.0132225 
0.0002807 -0.0037072 -0.0109176 
0.0088010 -0.0048437 -0.0092162 
0.0078410 -0.0038633 -0.0077898 
-0.0012146 -0.0031733 -0.0044358 
-0.0074034 -0.0014944 0.0000987 
0.0010219 -0.0014727 0.0034455 
0.0003202 -0.0028800 0.0054432 
0.0006291 0.0028633 0.0079784 
0.0004689 0.0049309 0.0087834 
0.0097246 -0.0000786 0.0099336 
0.0164398 -0.0004838 0.0158624 
0.0149585 0.0034488 0.0175248 
0.0106592 0.0045587 0.0139151 
-0.0010035 0.0035204 0.0066467 
-0.0096293 -0.0081640 0.0035233 
-0.0101465 -0.0084873 -0.0058296 
-0.0067632 0.0018197 -0.0188467 
0.0089340 0.0072031 -0.0299129 
0.0047208 0.0043830 -0.0416201 
0.0019512 -0.0015524 -0.0544503 
0.0014597 0.0032385 -0.0571858 
0.0123328 0.0087996 -0.0651283 
0.0156277 0.0101419 -0.0705307 
0.0203299 0.0080096 -0.0750246 
0.0144439 0.0062257 -0.0741054 
0.0043329 0.0090330 -0.0725228 
-0.0016955 0.0154988 -0.0623566 
0.0118155 0.0151173 -0.0493755 
0.0252233 0.0123231 -0.0401536 
0.0242223 0.0087476 -0.0271395 
0.0132174 0.0023548 -0.0132177 
0.0011544 0.0010361 0.0075426 
0.0032513 -0.0000195 0.0278428 
0.0088497 -0.0081605 0.0433524 
0.0059185 -0.0110025 0.0635938 
-0.0115044 -0.0194568 0.0825035 
-0.0149525 -0.0229900 0.0887037 
-0.0039721 -0.0161844 0.0986805 
0.0201757 -0.0128315 0.1139747 
0.0233873 -0.0138244 0.1210483 
0.0068027 -0.0175455 0.1279390 
-0.0131229 -0.0099482 0.1355408 
-0.0052817 -0.0107519 0.1414982 
0.0201405 -0.0221767 0.1522131 
0.0378703 -0.0311732 0.1528570 
0.0136956 -0.0348225 0.1541584 
-0.0193531 -0.0224040 0.1547172 
-0.0333593 -0.0061364 0.1588369 
-0.0329610 -0.0037007 0.1646369 
-0.0189802 -0.0002463 0.1605608 
-0.0177131 0.0024173 0.1495903 
-0.0176578 -0.0023007 0.1350945 
-0.0194986 0.0005439 0.1126104 
-0.0203004 0.0077754 0.0870048 
-0.0175810 0.0017389 0.0580207 
-0.0108240 0.0050408 0.0365477 
-0.0079555 0.0095664 0.0251614 
-0.0090213 0.0042291 0.0185849 
-0.0050141 -0.0053159 0.0014988 
-0.0059875 -0.0037575 -0.0156128 
-0.0113676 0.0039517 -0.0251329 
-0.0164577 -0.0015252 -0.0395635 
-0.0133198 -0.0041720 -0.0430996 
-0.0115276 0.0006656 -0.0362854 
-0.0074849 -0.0000886 -0.0377627 
-0.0140902 -0.0035363 -0.0405284 
-0.0068831 -0.0028914 -0.0383881 
0.0003799 0.0028667 -0.0422361 
-0.0096467 0.0036653 -0.0430252 
-0.0109995 0.0105676 -0.0409916 
-0.0186785 0.0106646 -0.0407594 
-0.0004203 0.0021262 -0.0398875 
-0.0021872 0.0102330 -0.0358444 
0.0171230 0.0013039 -0.0339848 
0.0196642 0.0025979 -0.0325603 
0.0175845 0.0178201 -0.0358290 
0.0061944 0.0157586 -0.0337839 
0.0145683 0.0267759 -0.0288988 
0.0235253 0.0157664 -0.0251028 
0.0232646 0.0056366 -0.0261460 
0.0171569 0.0088115 -0.0231749 
0.0270214 0.0031826 -0.0169033 
0.0319651 -0.0121467 -0.0068841 
0.0302482 -0.0148789 -0.0021799 
0.0169197 0.0086674 0.0026185 
0.0018694 0.0194402 0.0042012 
0.0185615 0.0193064 0.0040533 
0.0185767 0.0193114 0.0051878 
-0.0128295 0.0045648 0.0039000 
-0.0237999 -0.0181230 0.0015243 
-0.0001123 -0.0259307 0.0061165 
0.0255547 -0.0138190 0.0064868 
0.0277670 -0.0200651 0.0094007 
-0.0153514 -0.0281279 0.0056288 
-0.0566408 -0.0062776 -0.0036709 
-0.0386148 -0.0063103 0.0015739 
0.0038860 0.0035883 -0.0010266 
0.0227549 0.0099046 -0.0101720 
0.0077420 -0.0000221 -0.0231659 
-0.0319276 0.0021206 -0.0343273 
-0.0288562 0.0107744 -0.0416173 
-0.0084345 0.0051828 -0.0504574 
0.0038218 0.0015349 -0.0630268 
0.0151053 -0.0108883 -0.0678668 
0.0101412 -0.0046145 -0.0637893 
0.0012260 0.0131043 -0.0633175 
-0.0033844 0.0116904 -0.0634289 
-0.0035432 0.0138269 -0.0620927 
0.0018899 0.0092971 -0.0620563 
0.0049208 0.0044339 -0.0600024 
0.0072256 0.0094199 -0.0554427 
0.0062651 0.0051430 -0.0536216 
-0.0020185 0.0005660 -0.0527166 
-0.0042473 0.0051710 -0.0464406 
0.0022723 0.0010071 -0.0396038 
0.0048833 -0.0019266 -0.0347414 
0.0002825 0.0026271 -0.0274926 
-0.0018509 0.0030084 -0.0212889 
-0.0004564 0.0033639 -0.0148464 
-0.0018799 -0.0043111 -0.0073724 
-0.0042145 -0.0069234 -0.0023511 
-0.0114559 -0.0072835 0.0050937 
0.0018878 -0.0085132 0.0108932 
0.0047502 -0.0111589 0.0162209 
0.0052284 -0.0069609 0.0209670 
-0.0058284 -0.0055594 0.0269391 
-0.0033166 -0.0050967 0.0341616 
0.0002741 -0.0073026 0.0426314 
0.0039241 -0.0046103 0.0471602 
-0.0040521 0.0003202 0.0495613 
-0.0085623 -0.0016428 0.0495927 
-0.0095432 0.0029678 0.0491023 
-0.0035419 -0.0022061 0.0481024 
-0.0012551 -0.0044477 0.0489260 
0.0013998 0.0063075 0.0469916 
-0.0027550 0.0146386 0.0468758 
0.0013872 0.0138932 0.0458275 
0.0058948 0.0053601 0.0472758 
0.0072351 0.0007511 0.0462283 
0.0030496 -0.0001375 0.0441934 
-0.0025102 -0.0010909 0.0425265 
-0.0053188 -0.0030733 0.0428346 
-0.0015599 -0.0013278 0.0421984 
0.0027515 -0.0051968 0.0405684 
-0.0022294 -0.0042158 0.0392836 
-0.0035138 0.0037705 0.0408193 
-0.0021975 -0.0002888 0.0400960 
0.0004513 -0.0101578 0.0376530 
-0.0017231 -0.0102935 0.0334048 
-0.0001113 -0.0077076 0.0274061 
-0.0024873 -0.0074650 0.0233640 
0.0023094 -0.0051950 0.0212025 
0.0053428 -0.0060038 0.0186823 
0.0015564 -0.0034200 0.0137893 
-0.0071721 -0.0009025 0.0084818 
-0.0102741 -0.0032794 -0.0022710 
-0.0056291 -0.0018187 -0.0117206 
0.0019754 0.0003506 -0.0226560 
0.0042023 0.0004374 -0.0305429 
0.0007689 -0.0008899 -0.0348180 
-0.0015661 -0.0030265 -0.0373972 
-0.0010458 -0.0016812 -0.0377975 
0.0029897 -0.0043798 -0.0363733 
0.0052582 -0.0055289 -0.0370696 
0.0024848 -0.0025651 -0.0373073 
-0.0011897 -0.0002749 -0.0349419 
0.0055897 0.0016492 -0.0346511 
0.0090808 0.0073889 -0.0341391 
0.0067305 0.0070773 -0.0333883 
0.0003115 0.0044919 -0.0318358 
-0.0040446 0.0032955 -0.0306548 
-0.0025676 0.0046698 -0.0312483 
-0.0001917 0.0039213 -0.0292409 
0.0034372 0.0054870 -0.0286383 
0.0042830 0.0064858 -0.0275514 
0.0034398 0.0054330 -0.0289595 
-0.0012399 0.0053045 -0.0269399 
-0.0064166 0.0054759 -0.0250902 
-0.0068574 0.0044261 -0.0241794 
-0.0018377 0.0059710 -0.0250829 
0.0054496 0.0057017 -0.0225671 
0.0012206 0.0050411 -0.0212438 
-0.0048237 0.0040664 -0.0190490 
-0.0020928 0.0038451 -0.0158261 
0.0064734 0.0034142 -0.0128778 
0.0096529 0.0015098 -0.0094517 
0.0056684 -0.0002583 -0.0053676 
-0.0009498 -0.0004082 -0.0031313 
-0.0001065 -0.0010062 -0.0036752 
0.0004192 0.0030674 -0.0000442 
0.0036202 0.0040660 0.0004584 
0.0017659 0.0009243 0.0002385 
0.0026226 0.0024903 0.0020808 
-0.0001631 0.0024190 0.0031975 
-0.0033324 0.0004351 0.0003932 
-0.0047259 0.0059690 0.0004972 
-0.0009398 0.0086821 0.0016430 
-0.0018861 0.0078970 -0.0008132 
-0.0084369 0.0064807 -0.0030987 
-0.0111434 0.0030395 -0.0017408 
-0.0057053 0.0004936 -0.0020691 
-0.0006428 0.0022453 -0.0026688 
-0.0034388 0.0019768 0.0003593 
-0.0070559 0.0026194 0.0007956 
-0.0060864 -0.0012405 0.0005499 
-0.0018338 -0.0038262 0.0007040 
-0.0040070 0.0011984 -0.0006003 
-0.0060416 0.0048029 0.0008259 
-0.0009340 0.0027003 -0.0013644 
0.0080775 -0.0013205 -0.0037350 
0.0169569 -0.0015704 -0.0101440 
0.0167135 0.0018373 -0.0160854 
0.0111263 0.0048141 -0.0225293 
0.0010954 0.0024989 -0.0245072 
-0.0055288 0.0015106 -0.0263537 
-0.0181720 0.0023889 -0.0281098 
-0.0119398 -0.0028172 -0.0257031 
-0.0071728 -0.0060289 -0.0258432 
0.0009823 -0.0039236 -0.0265558 
0.0062939 -0.0020212 -0.0268052 
0.0138278 0.0015729 -0.0246654 
-0.0044713 0.0003565 -0.0232640 
-0.0291583 -0.0037878 -0.0212213 
-0.0265130 -0.0032375 -0.0198620 
-0.0141545 -0.0003261 -0.0189823 
0.0023627 -0.0000214 -0.0199358 
0.0067200 0.0026424 -0.0134625 
-0.0015362 0.0017809 -0.0139597 
-0.0169355 0.0062329 -0.0167614 
-0.0199166 0.0130639 -0.0111767 
-0.0161208 0.0131113 -0.0098582 
0.0072540 0.0194251 -0.0094807 
0.0315873 0.0158979 -0.0019983 
0.0307804 0.0079085 0.0043759 
-0.0008284 -0.0003930 0.0080312 
-0.0180766 -0.0068692 0.0187141 
-0.0248224 -0.0083732 0.0200279 
-0.0156344 -0.0051902 0.0150496 
-0.0020818 0.0034078 0.0204876 
-0.0015870 0.0056393 0.0182706 
-0.0003696 0.0006884 0.0097736 
0.0104336 -0.0053764 0.0058902 
0.0064065 0.0040859 -0.0089427 
-0.0134217 0.0175639 -0.0129751 
0.0048598 0.0058101 -0.0055052 
0.0071790 0.0007121 -0.0180994 
0.0143185 -0.0005153 -0.0164442 
0.0168269 -0.0039496 -0.0082882 
0.0120615 -0.0010395 -0.0131085 
0.0127997 0.0093817 -0.0123494 
0.0106472 0.0085446 -0.0025335 
0.0075970 0.0026266 -0.0055096 
-0.0053340 0.0032804 -0.0048868 
-0.0031986 -0.0071038 0.0037896 
-0.0032514 -0.0192234 -0.0014615 
-0.0012534 -0.0122552 -0.0022498 
0.0003353 0.0044838 0.0010370 
0.0016512 0.0005082 -0.0006206 
0.0009232 -0.0025828 0.0004718 
-0.0011905 0.0052531 0.0007948 
0.0002422 0.0007364 -0.0005815 
0.0009870 -0.0028372 0.0011169 
-0.0004844 0.0023468 0.0008548 
-0.0007347 -0.0004298 0.0003916 
0.0004503 -0.0016313 0.0017115 
0.0003482 -0.0002212 -0.0005094 
0.0003070 0.0010817 -0.0001553 
0.0004585 -0.0004635 -0.0002669 
0.0004608 -0.0005412 0.0006654 
0.0003344 0.0011860 0.0013502 
-0.0006862 -0.0004057 -0.0014678 
-0.0002117 -0.0000872 -0.0007321 
0.0002627 0.0002313 0.0000035 
-0.0001186 0.0008581 0.0006811 
-0.0002862 -0.0006817 -0.0003775 
0.0008451 -0.0001274 0.0000109 
0.0006889 0.0002189 0.0002765 
0.0000395 -0.0007059 -0.0000911 
0.0001427 0.0000356 0.0007465 
0.0000168 -0.0000870 0.0001724 
-0.0006605 0.0003424 -0.0000489 
-0.0008038 -0.0009249 0.0003762 
-0.0008112 0.0000223 0.0003078 
0.0006038 0.0005386 -0.0010286 
-0.0009124 -0.0003005 -0.0003171 
-0.0003238 0.0004802 -0.0002235 
0.0002235 -0.0004598 0.0001059 
-0.0000995 -0.0009819 -0.0003707 
-0.0003277 0.0001955 -0.0007949 
-0.0002070 -0.0005939 0.0003496 
0.0000109 0.0005705 -0.0006518 
0.0004544 -0.0003462 0.0001226 
-0.0010951 -0.0002279 0.0002669 
0.0000119 0.0001722 0.0005423 
-0.0001931 -0.0002239 -0.0001948 
-0.0001708 0.0006199 -0.0000346 
-0.0003865 -0.0012403 0.0003894 
0.0007734 -0.0001129 -0.0001186 
0.0007841 -0.0002025 0.0000589 
-0.0013888 0.0003277 -0.0002280 
0.0005150 -0.0003307 0.0000010 
0.0006139 -0.0001339 0.0008203 
-0.0003826 0.0003612 -0.0003087 
0.0000050 -0.0006156 0.0003195 
0.0000952 0.0000774 -0.0003686 
-0.0006081 -0.0002724 0.0003632 
0.0001161 -0.0002948 -0.0001640 
-0.0000836 -0.0003141 -0.0000237 
-0.0005828 -0.0003106 0.0003057 
0.0003552 0.0006764 0.0004830 
0.0006479 -0.0005602 -0.0001843 
-0.0002618 -0.0001377 -0.0002182 
0.0001904 -0.0007983 -0.0000972 
-0.0000401 -0.0009914 0.0000311 
-0.0005552 0.0012301 -0.0004299 
0.0009834 -0.0000215 0.0003080 
-0.0006450 -0.0009311 0.0000004 
0.0003648 -0.0004979 0.0004936 
-0.0002435 -0.0007682 -0.0007210 
0.0004147 0.0008978 0.0002817 
-0.0002960 -0.0000931 -0.0003167 
0.0004652 0.0009626 -0.0002280 
-0.0002061 -0.0011597 -0.0007455 
0.0003578 0.0002890 0.0010171 
-0.0002758 -0.0003753 0.0008624 
-0.0000121 0.0001593 -0.0002792 
-0.0002733 -0.0000277 0.0000307 
-0.0005191 -0.0004714 0.0003008 
-0.0003556 -0.0004153 -0.0002782 
-0.0001700 -0.0002326 0.0001061 
-0.0004168 -0.0001566 0.0004871 
0.0003190 -0.0008239 -0.0001155 
-0.0000881 0.0005014 0.0005243 
-0.0006914 0.0008438 0.0000605 
0.0003789 -0.0000747 0.0007452 
-0.0000162 -0.0002080 -0.0002923 
0.0003035 -0.0008306 0.0005477 
0.0005958 -0.0037061 -0.0024719 
0.0003675 -0.0086883 -0.0014797 
-0.0004799 -0.0061053 -0.0015414 
-0.0005158 -0.0031289 -0.0031068 
-0.0007141 -0.0042292 -0.0022417 
-0.0038324 -0.0031254 -0.0037282 
-0.0044725 -0.0089727 -0.0051209 
-0.0069994 -0.0250358 -0.0049379 
-0.0090666 -0.0345337 -0.0077260 
-0.0262243 -0.0339819 -0.0023701 
-0.0254637 -0.0373838 0.0016335 
-0.0068477 -0.0316142 0.0013953 
0.0041935 -0.0240984 0.0031443 
-0.0123591 -0.0105473 0.0057096 
-0.0298319 -0.0152094 0.0118089 
-0.0393144 -0.0024406 0.0253463 
-0.0058455 -0.0017913 0.0347107 
0.0268972 0.0049686 0.0293856 
0.0420229 0.0056418 0.0279352 
0.0478262 0.0128518 0.0397203 
0.0423034 0.0162409 0.0401914 
0.0341588 0.0149469 0.0348136 
0.0505351 0.0044035 0.0380335 
0.0140415 0.0331709 0.0311844 
-0.0384322 0.0828602 0.0256723 
-0.0630361 0.0635491 0.0333167 
-0.0598213 0.0295910 0.0193304 
-0.0389334 0.0116637 0.0172370 
-0.0048395 -0.0149335 0.0251989 
0.0146540 -0.0347351 0.0150132 
0.0095174 -0.0288031 0.0149830 
0.0039958 -0.0151724 0.0304304 
0.0137846 -0.0052349 0.0359649 
0.0130953 -0.0040786 0.0321165 
0.0061839 -0.0004615 0.0385488 
-0.0059856 -0.0001634 0.0435264 
-0.0044583 -0.0050356 0.0422173 
0.0196488 -0.0231323 0.0494355 
0.0162154 -0.0262399 0.0463938 
-0.0007873 -0.0221827 0.0505641 
-0.0079010 -0.0146495 0.0610420 
0.0057508 -0.0115899 0.0660282 
0.0060369 -0.0135245 0.0651201 
0.0189927 -0.0201996 0.0672312 
-0.0127063 -0.0203496 0.0732517 
-0.0150030 -0.0120630 0.0657873 
-0.0021261 -0.0067985 0.0696402 
0.0159522 0.0256114 0.0835371 
0.0239105 0.0598070 0.0728644 
0.0089163 0.0690848 0.0528304 
-0.0340206 0.0339349 0.0382677 
-0.0616265 0.0211889 0.0167143 
-0.0668143 0.0121848 0.0083091 
-0.0188613 -0.0030430 -0.0022089 
0.0031971 0.0106755 -0.0167621 
0.0326678 0.0054850 -0.0230755 
0.0362341 0.0091054 -0.0149933 
0.0354625 0.0058143 -0.0200022 
0.0175656 -0.0089568 -0.0275766 
0.0090028 -0.0396639 -0.0244041 
-0.0110251 -0.0106098 -0.0299466 
-0.0238134 0.0207579 -0.0356683 
0.0007979 0.0177121 -0.0350477 
0.0410626 0.0584825 -0.0324821 
0.0529548 0.0419935 -0.0238453 
0.0196836 -0.0036498 -0.0257639 
-0.0438107 -0.0107618 -0.0239464 
-0.0512522 0.0034928 -0.0152482 
-0.0068973 0.0107781 -0.0187637 
0.0250903 -0.0014224 -0.0198692 
0.0311166 -0.0025482 -0.0202946 
0.0098787 -0.0202265 -0.0094598 
0.0132266 -0.0610734 -0.0106881 
-0.0021767 -0.0355394 -0.0233088 
-0.0306242 -0.0349182 -0.0245547 
-0.0048545 -0.0855948 -0.0194310 
0.0155627 -0.0721149 -0.0212336 
0.0227268 -0.0484110 -0.0258650 
-0.0163377 -0.0429574 -0.0260299 
-0.0396590 -0.0088009 -0.0249333 
-0.0177547 0.0267923 -0.0194735 
0.0203728 0.0510795 -0.0177677 
0.0263029 0.0701238 -0.0173596 
0.0224764 0.0303173 -0.0190514 
-0.0059705 0.0049437 -0.0218080 
-0.0130895 -0.0054586 -0.0252052 
-0.0053112 -0.0109733 -0.0249860 
0.0018103 0.0008080 -0.0243818 
-0.0044236 0.0091991 -0.0252104 
-0.0113275 0.0097760 -0.0262456 
-0.0170421 0.0082040 -0.0255664 
-0.0070786 0.0119854 -0.0254064 
0.0065917 0.0103356 -0.0226703 
0.0055767 0.0049027 -0.0185280 
0.0040067 0.0041651 -0.0127806 
-0.0042791 0.0141929 -0.0058667 
-0.0031050 0.0188532 0.0019457 
0.0056647 0.0103478 0.0092832 
0.0109676 -0.0006362 0.0203123 
0.0079176 -0.0021770 0.0300946 
0.0026853 -0.0075728 0.0397480 
-0.0000055 -0.0120446 0.0436229 
0.0059431 0.0016485 0.0427717 
0.0075657 0.0118594 0.0415423 
0.0039152 0.0079246 0.0365887 
0.0060563 0.0063146 0.0330902 
0.0036396 -0.0024205 0.0270921 
0.0046541 -0.0100953 0.0211040 
0.0033808 -0.0038738 0.0132119 
0.0120227 -0.0091625 0.0032892 
-0.0010483 -0.0218361 -0.0039927 
-0.0330873 -0.0261480 -0.0028985 
-0.0308414 -0.0288577 -0.0054111 
0.0050131 -0.0106755 -0.0052536 
0.0142117 0.0089703 -0.0080692 
-0.0083133 0.0355204 -0.0102605 
-0.0290717 0.0297790 -0.0102999 
-0.0284023 0.0020618 -0.0109093 
-0.0113346 -0.0072057 -0.0127583 
-0.0028805 0.0016807 -0.0135223 
0.0027616 0.0033969 -0.0146849 
0.0006179 -0.0090083 -0.0156554 
-0.0076375 -0.0044198 -0.0158782 
-0.0080501 0.0016898 -0.0165532 
-0.0149461 0.0032618 -0.0128982 
-0.0066444 0.0048434 -0.0126869 
0.0034997 0.0112630 -0.0126759 
0.0098563 0.0107732 -0.0130725 
0.0025205 0.0002129 -0.0145489 
-0.0020308 -0.0001271 -0.0159706 
0.0008654 0.0075880 -0.0151773 
0.0069730 0.0070969 -0.0127739 
0.0132473 0.0012973 -0.0116557 
0.0134405 0.0000597 -0.0071342 
0.0108974 0.0001383 0.0036410 
0.0058348 0.0043908 0.0085286 
-0.0141728 0.0183966 0.0096446 
-0.0065663 0.0153482 0.0111254 
0.0008248 0.0104819 0.0135644 
0.0203779 0.0012706 0.0081836 
0.0170212 -0.0087423 0.0084254 
0.0075618 -0.0133884 0.0084782 
-0.0128345 -0.0020665 0.0085454 
-0.0088851 -0.0019498 0.0089580 
0.0012060 -0.0017439 0.0105365 
0.0070001 0.0102480 0.0101167 
0.0021813 0.0080150 0.0074596 
-0.0061851 -0.0221606 0.0034288 
-0.0125965 -0.0286038 0.0033301 
-0.0089466 -0.0023780 0.0067101 
0.0010765 0.0059338 0.0043206 
0.0050348 -0.0046801 0.0020414 
-0.0025654 -0.0069234 0.0029994 
-0.0072513 0.0067879 0.0056680 
-0.0171608 0.0074910 0.0048950 
-0.0102735 -0.0065602 0.0013989 
-0.0005031 -0.0133206 0.0042638 
0.0206843 -0.0033488 0.0045290 
0.0210097 0.0057522 0.0044234 
0.0034874 0.0058528 0.0023971 
-0.0244385 -0.0004233 -0.0013781 
-0.0339502 -0.0021889 -0.0032670 
-0.0110093 0.0015795 -0.0029371 
0.0186045 -0.0017465 -0.0048025 
0.0353390 -0.0019794 -0.0055811 
0.0208637 0.0010625 -0.0074548 
-0.0026279 0.0009728 -0.0096187 
-0.0258729 -0.0006856 -0.0081761 
-0.0132246 -0.0050177 -0.0064101 
0.0010317 0.0033921 -0.0056475 
0.0147482 0.0161799 -0.0077463 
0.0116432 0.0170174 -0.0025988 
0.0122877 0.0058699 -0.0042344 
0.0117310 -0.0061213 -0.0068368 
0.0124863 0.0036175 -0.0098756 
0.0091920 0.0171275 -0.0058278 
0.0013680 0.0101604 -0.0041753 
-0.0166725 -0.0005618 -0.0035607 
-0.0193582 -0.0074493 -0.0059918 
-0.0045924 -0.0117454 -0.0063276 
0.0141285 -0.0047414 -0.0049228 
0.0200253 0.0013136 -0.0035438 
0.0157688 -0.0030353 -0.0023122 
-0.0019933 0.0028419 -0.0102989 
-0.0245575 0.0139873 -0.0088386 
-0.0187013 0.0165413 -0.0089441 
-0.0044064 0.0098196 -0.0022328 
0.0155867 0.0006596 -0.0054570 
0.0037316 -0.0050847 -0.0068572 
0.0015597 -0.0068735 -0.0079860 
-0.0033389 -0.0028364 -0.0061481 
-0.0025951 -0.0011267 -0.0059942 
-0.0044444 -0.0061862 -0.0048039 
-0.0051047 -0.0138384 -0.0046089 
0.0006370 -0.0096122 -0.0016382 
0.0014587 0.0011500 0.0021889 
-0.0017164 0.0090825 0.0073776 
-0.0048193 -0.0020193 0.0103097 
-0.0095164 -0.0135428 0.0080420 
-0.0095462 -0.0127575 0.0077099 
-0.0036810 -0.0049166 0.0064935 
0.0019097 0.0101077 0.0050683 
0.0149250 0.0262134 0.0038949 
0.0123052 0.0150446 0.0037622 
0.0028525 -0.0073556 0.0031079 
-0.0076048 -0.0136036 0.0020035 
-0.0266438 -0.0019031 0.0019757 
-0.0222384 0.0091301 0.0042934 
-0.0170817 0.0301400 0.0035416 
-0.0001196 0.0150482 0.0020486 
0.0085544 -0.0184180 0.0020266 
0.0046988 -0.0278841 -0.0018978 
-0.0048130 -0.0229367 0.0003770 
-0.0031650 -0.0161820 0.0031821 
0.0046547 -0.0167154 -0.0008039 
0.0094143 -0.0017195 -0.0039577 
0.0028547 0.0092416 0.0000130 
0.0042350 0.0102904 0.0021751 
0.0068836 0.0086645 -0.0004253 
0.0067948 0.0046755 -0.0012238 
-0.0013065 -0.0041253 -0.0001452 
-0.0115574 -0.0109886 -0.0028945 
-0.0197557 -0.0109112 -0.0014058 
-0.0114506 0.0013559 0.0011228 
0.0000456 0.0063297 -0.0007269 
0.0029822 -0.0011992 -0.0011777 
-0.0037817 -0.0144548 -0.0006834 
-0.0078173 -0.0180786 0.0016629 
-0.0012349 -0.0000700 -0.0002608 
-0.0008277 0.0126046 -0.0025596 
-0.0058867 0.0099352 -0.0009252 
-0.0098248 0.0059846 0.0010122 
-0.0036303 0.0031961 -0.0013356 
0.0000327 -0.0006207 -0.0020611 
-0.0000559 0.0007628 -0.0013581 
-0.0067013 0.0039680 -0.0015822 
-0.0070651 0.0019525 -0.0008698 
-0.0022078 0.0010070 -0.0007019 
-0.0022337 -0.0003532 -0.0009787 
-0.0038333 -0.0006435 -0.0006413 
-0.0043274 0.0005604 -0.0006043 
-0.0035187 0.0000220 -0.0009874 
-0.0029646 0.0005198 -0.0008891 
-0.0029451 0.0003363 0.0005331 
-0.0024234 -0.0003155 -0.0006679 
-0.0012110 -0.0012435 -0.0004354 
-0.0009950 -0.0030730 -0.0003172 
-0.0000963 -0.0039323 0.0000579 
0.0016177 -0.0036265 -0.0000519 
0.0001785 -0.0011493 -0.0018037 
-0.0011749 0.0003169 -0.0007440 
-0.0011959 0.0006853 -0.0004791 
0.0002419 0.0008286 0.0003625 
0.0039201 0.0005677 -0.0009118 
0.0116513 -0.0038549 -0.0005704 
0.0120618 -0.0023949 0.0011048 
0.0135789 -0.0027474 -0.0018021 
0.0013688 -0.0039815 -0.0002228 
-0.0028064 0.0010097 0.0008792 
-0.0114817 0.0079673 -0.0017723 
-0.0027848 0.0089658 -0.0013537 
0.0069261 0.0086535 0.0008308 
0.0145086 0.0043183 -0.0036014 
0.0103471 -0.0030142 -0.0038800 
-0.0002456 -0.0063366 -0.0003629 
-0.0066668 -0.0045765 -0.0014194 
-0.0038824 0.0032934 -0.0019916 
0.0067856 0.0110054 -0.0034534 
0.0040880 0.0049474 -0.0043239 
-0.0068485 0.0010804 -0.0026067 
-0.0120361 -0.0012541 -0.0023729 
-0.0010312 -0.0059225 -0.0036562 
0.0193049 -0.0125353 -0.0055569 
0.0148330 -0.0103277 -0.0057501 
-0.0000815 -0.0008521 -0.0054456 
-0.0224894 0.0037825 -0.0054341 
-0.0261725 0.0058762 -0.0066224 
-0.0190134 0.0062486 -0.0056088 
-0.0050810 0.0018903 -0.0027179 
0.0001574 -0.0012083 -0.0066289 
0.0033673 0.0002858 -0.0045829 
0.0009847 0.0001274 -0.0018561 
0.0002581 0.0037528 -0.0011057 
-0.0011013 -0.0072936 0.0008115 
-0.0008286 -0.0188791 0.0002388 
0.0007579 -0.0128152 -0.0011966 
0.0012346 0.0040182 0.0001556 
0.0009635 0.0025869 0.0010547 
-0.0005027 0.0007488 -0.0002285 
-0.0012528 0.0037873 -0.0008021 
0.0008408 -0.0009893 0.0003477 
0.0002866 -0.0029653 0.0005470 
-0.0000565 0.0030061 0.0006870 
0.0004155 0.0002162 0.0002064 
0.0009317 -0.0015738 -0.0002056 
0.0004074 0.0015703 -0.0003819 
-0.0002282 -0.0000812 -0.0001642 
