0.0310740 0.0221520 2.6005683 
0.0293960 0.0233780 2.6001333 
0.0281400 0.0240280 2.6009073 
0.0288460 0.0252690 2.6013973 
0.0290250 0.0277870 2.6013773 
0.0298570 0.0291910 2.6028413 
0.0299880 0.0297300 2.6046553 
0.0287980 0.0311890 2.6057193 
0.0271980 0.0317550 2.6082523 
0.0263960 0.0314300 2.6120753 
0.0263670 0.0314190 2.6151423 
0.0260960 0.0322660 2.6186763 
0.0256620 0.0341320 2.6222333 
0.0252520 0.0354360 2.6248623 
0.0263380 0.0353280 2.6276193 
0.0278530 0.0343790 2.6309143 
0.0289350 0.0332200 2.6340123 
0.0285170 0.0331140 2.6381393 
0.0281150 0.0338460 2.6433183 
0.0275020 0.0348150 2.6486003 
0.0260050 0.0362470 2.6545603 
0.0243320 0.0374380 2.6606253 
0.0227630 0.0383150 2.6666933 
0.0216500 0.0379730 2.6723623 
0.0201930 0.0373290 2.6781963 
0.0189220 0.0368020 2.6842463 
0.0180410 0.0363440 2.6893553 
0.0179730 0.0361160 2.6937943 
0.0183000 0.0357380 2.6979173 
0.0186700 0.0361930 2.7023103 
0.0207050 0.0373840 2.7075553 
0.0212870 0.0379010 2.7117863 
0.0216710 0.0373800 2.7164093 
0.0221520 0.0348250 2.7214653 
0.0220160 0.0342410 2.7260263 
0.0245700 0.0333010 2.7320133 
0.0273870 0.0311150 2.7384653 
0.0291680 0.0279620 2.7449793 
0.0277830 0.0222040 2.7512393 
0.0248380 0.0194360 2.7577303 
0.0260460 0.0209290 2.7652543 
0.0304760 0.0235620 2.7716263 
0.0337740 0.0248400 2.7772883 
0.0358880 0.0260240 2.7830013 
0.0377040 0.0248390 2.7866603 
0.0392240 0.0234250 2.7888663 
0.0386650 0.0226790 2.7898233 
0.0367960 0.0229580 2.7893033 
0.0348570 0.0226090 2.7860723 
0.0352810 0.0193080 2.7805163 
0.0313180 0.0183840 2.7743623 
0.0293510 0.0173500 2.7673663 
0.0294490 0.0174220 2.7616243 
0.0347890 0.0182050 2.7546993 
0.0390780 0.0184360 2.7485843 
0.0395700 0.0183700 2.7417983 
0.0366010 0.0183340 2.7344303 
0.0329380 0.0182740 2.7287843 
0.0319780 0.0185100 2.7225613 
0.0322100 0.0195420 2.7173473 
0.0337760 0.0199780 2.7128283 
0.0373900 0.0201040 2.7092053 
0.0408360 0.0201710 2.7057743 
0.0435750 0.0209830 2.7025053 
0.0430080 0.0209170 2.7002823 
0.0416630 0.0204450 2.6966963 
0.0374950 0.0192520 2.6929153 
0.0362370 0.0183550 2.6891773 
0.0363150 0.0177880 2.6842253 
0.0388540 0.0165790 2.6783213 
0.0406100 0.0159200 2.6739703 
0.0430830 0.0144870 2.6696953 
0.0436580 0.0130310 2.6655683 
0.0416130 0.0123440 2.6616663 
0.0394980 0.0119250 2.6587763 
0.0402880 0.0115630 2.6557673 
0.0406170 0.0112500 2.6530043 
0.0392840 0.0119950 2.6505063 
0.0372460 0.0118520 2.6490363 
0.0361080 0.0095490 2.6476073 
0.0367340 0.0067350 2.6462123 
0.0375580 0.0044240 2.6455273 
0.0386170 0.0032430 2.6452203 
0.0387890 0.0031710 2.6454553 
0.0384440 0.0030100 2.6467893 
0.0379150 0.0028590 2.6490633 
0.0378000 0.0027810 2.6524393 
0.0379750 0.0026100 2.6574093 
0.0385190 0.0021010 2.6622573 
0.0386640 0.0018270 2.6672573 
0.0382130 0.0015340 2.6729483 
0.0375980 0.0010780 2.6785323 
0.0374140 0.0000750 2.6850773 
0.0374840 -0.0010430 2.6915943 
0.0378150 -0.0016980 2.6983683 
0.0377440 -0.0021340 2.7063573 
0.0366880 -0.0025510 2.7142473 
0.0363810 -0.0032060 2.7232783 
0.0365020 -0.0033940 2.7314883 
0.0365000 -0.0028890 2.7396203 
0.0361760 -0.0018610 2.7482803 
0.0355750 -0.0011340 2.7557053 
0.0362310 -0.0005390 2.7624423 
0.0359080 -0.0003540 2.7692923 
0.0352840 -0.0003500 2.7752643 
0.0341150 -0.0005970 2.7806213 
0.0340820 -0.0008920 2.7833793 
0.0330980 -0.0008570 2.7846293 
0.0317700 -0.0007170 2.7836613 
0.0313990 -0.0015720 2.7820093 
0.0328500 -0.0029620 2.7803813 
0.0342380 -0.0037610 2.7794443 
0.0339180 -0.0029350 2.7784593 
0.0329330 0.0001210 2.7773353 
0.0325050 0.0034050 2.7763923 
0.0332690 0.0073890 2.7755173 
0.0328920 0.0116670 2.7742133 
0.0336770 0.0149280 2.7731913 
0.0342620 0.0164510 2.7721083 
0.0338440 0.0163140 2.7708043 
0.0330480 0.0151190 2.7697783 
0.0336060 0.0139440 2.7687243 
0.0343400 0.0126170 2.7674353 
0.0341320 0.0119750 2.7657623 
0.0341700 0.0118120 2.7641943 
0.0339720 0.0122130 2.7616563 
0.0341230 0.0138420 2.7579983 
0.0344830 0.0142690 2.7550793 
0.0345670 0.0141960 2.7519853 
0.0341470 0.0136490 2.7482373 
0.0328040 0.0129440 2.7450213 
0.0325090 0.0125790 2.7415913 
0.0321820 0.0126410 2.7384283 
0.0321600 0.0122450 2.7348153 
0.0324200 0.0102720 2.7305623 
0.0316820 0.0087180 2.7264413 
0.0318040 0.0083140 2.7216883 
0.0316450 0.0079700 2.7176603 
0.0313440 0.0074150 2.7136663 
0.0295130 0.0064790 2.7094383 
0.0290320 0.0061570 2.7066713 
0.0302420 0.0074050 2.7043553 
0.0308450 0.0081750 2.7011793 
0.0315430 0.0079480 2.6991233 
0.0318900 0.0076240 2.6973943 
0.0289980 0.0076940 2.6954053 
0.0253670 0.0070460 2.6932863 
0.0216900 0.0051320 2.6913163 
0.0213220 0.0033910 2.6895013 
0.0204050 0.0006850 2.6883233 
0.0234050 0.0003620 2.6877053 
0.0249980 0.0033020 2.6877073 
0.0262560 0.0096300 2.6868283 
0.0262210 0.0161970 2.6861263 
0.0248400 0.0205110 2.6859553 
0.0234060 0.0226110 2.6855063 
0.0210960 0.0261100 2.6845653 
0.0234330 0.0271310 2.6838113 
0.0266980 0.0269190 2.6827893 
0.0299960 0.0251340 2.6815013 
0.0326340 0.0218690 2.6802513 
0.0336960 0.0217920 2.6773073 
0.0314220 0.0235900 2.6745953 
0.0297160 0.0239450 2.6716903 
0.0300090 0.0224000 2.6688213 
0.0325350 0.0210100 2.6656283 
0.0334330 0.0207300 2.6625883 
0.0329300 0.0207820 2.6594853 
0.0324230 0.0202290 2.6566263 
0.0335990 0.0191760 2.6535343 
0.0338470 0.0181630 2.6499743 
0.0336680 0.0171990 2.6472193 
0.0330940 0.0160080 2.6450883 
0.0327340 0.0145100 2.6437533 
0.0321390 0.0128760 2.6432863 
0.0326770 0.0110460 2.6429023 
0.0338110 0.0101140 2.6423963 
0.0356890 0.0104490 2.6419963 
0.0361970 0.0112840 2.6415153 
0.0360260 0.0116650 2.6411673 
0.0347580 0.0120050 2.6415773 
0.0337860 0.0122230 2.6422433 
0.0331290 0.0119700 2.6429743 
0.0336660 0.0114480 2.6439343 
0.0340700 0.0106840 2.6447823 
0.0349510 0.0092010 2.6458633 
0.0356280 0.0068810 2.6479753 
0.0365560 0.0057820 2.6503053 
0.0367110 0.0057710 2.6524273 
0.0358910 0.0058190 2.6541473 
0.0349730 0.0058450 2.6558083 
0.0341740 0.0056300 2.6573213 
0.0337010 0.0057460 2.6584923 
0.0333260 0.0064120 2.6598543 
0.0334350 0.0080940 2.6613553 
0.0341550 0.0100820 2.6628313 
0.0356200 0.0117830 2.6653963 
0.0367570 0.0127810 2.6685043 
0.0371570 0.0134000 2.6721183 
0.0363900 0.0142580 2.6765993 
0.0354080 0.0152950 2.6809273 
0.0346500 0.0167660 2.6855683 
0.0345870 0.0180090 2.6894283 
0.0348300 0.0185040 2.6934423 
0.0354080 0.0181550 2.6977463 
0.0354820 0.0173980 2.7017233 
0.0352360 0.0166860 2.7052733 
0.0347470 0.0165280 2.7088183 
0.0349350 0.0167900 2.7113723 
0.0352780 0.0171290 2.7133743 
0.0353840 0.0175470 2.7143813 
0.0354470 0.0178260 2.7147433 
0.0362100 0.0177010 2.7148343 
0.0373570 0.0178870 2.7152173 
0.0386880 0.0185940 2.7165423 
0.0393860 0.0192040 2.7182663 
0.0392330 0.0193010 2.7206403 
0.0388320 0.0189740 2.7234823 
0.0382030 0.0187240 2.7257423 
0.0379600 0.0185540 2.7282163 
0.0374000 0.0184210 2.7308753 
0.0369090 0.0186810 2.7330443 
0.0372330 0.0184530 2.7351623 
0.0382560 0.0177600 2.7366993 
0.0389170 0.0168620 2.7376933 
0.0394150 0.0161630 2.7386743 
0.0390550 0.0158480 2.7394373 
0.0388390 0.0160760 2.7393213 
0.0388020 0.0167560 2.7384183 
0.0390830 0.0171500 2.7371773 
0.0386840 0.0178600 2.7354243 
0.0377710 0.0178160 2.7332543 
0.0371220 0.0162630 2.7305543 
0.0372810 0.0150330 2.7270833 
0.0374090 0.0141580 2.7230063 
0.0371210 0.0132620 2.7184753 
0.0367340 0.0119660 2.7144913 
0.0359490 0.0107650 2.7105033 
0.0361020 0.0096340 2.7071993 
0.0370000 0.0080520 2.7046843 
0.0382270 0.0064100 2.7028673 
0.0384750 0.0047850 2.7021513 
0.0376170 0.0039470 2.7025323 
0.0368620 0.0029750 2.7036353 
0.0362050 0.0023340 2.7051843 
0.0361950 0.0031740 2.7076843 
0.0383930 0.0049000 2.7107133 
0.0404400 0.0048690 2.7152933 
0.0404180 0.0037710 2.7209633 
0.0376370 0.0032580 2.7260963 
0.0352030 0.0024640 2.7313833 
0.0333280 0.0019550 2.7358873 
0.0294370 0.0012680 2.7396573 
0.0253220 0.0009510 2.7425403 
0.0237880 0.0020660 2.7443953 
0.0265260 0.0022510 2.7453683 
0.0300440 0.0015110 2.7455853 
0.0331650 0.0008390 2.7451023 
0.0324530 0.0025940 2.7446513 
0.0296520 0.0047270 2.7437393 
0.0287790 0.0045310 2.7430653 
0.0301800 0.0039240 2.7425043 
0.0317320 0.0042910 2.7413413 
0.0287010 0.0060550 2.7401993 
0.0253950 0.0070110 2.7398243 
0.0245210 0.0082040 2.7396053 
0.0233630 0.0088270 2.7391913 
0.0216520 0.0075480 2.7383473 
0.0193760 0.0062220 2.7383233 
0.0189740 0.0026880 2.7374783 
0.0207090 0.0002840 2.7371773 
0.0242110 0.0017560 2.7375953 
0.0289110 0.0007540 2.7369583 
0.0326760 -0.0018420 2.7364233 
0.0354530 -0.0019940 2.7362023 
0.0361290 -0.0013570 2.7358473 
0.0316620 -0.0009940 2.7346863 
0.0249290 -0.0001580 2.7345283 
0.0199470 -0.0003460 2.7348283 
0.0212270 0.0030820 2.7349753 
0.0258110 0.0089640 2.7356563 
0.0274370 0.0126350 2.7364763 
0.0247010 0.0184610 2.7373513 
0.0251350 0.0236770 2.7371403 
0.0283850 0.0242470 2.7363793 
0.0313840 0.0250280 2.7354793 
0.0297160 0.0282750 2.7346333 
0.0255850 0.0300100 2.7333783 
0.0233260 0.0327660 2.7328633 
0.0228240 0.0343090 2.7320523 
0.0247240 0.0335550 2.7317133 
0.0260480 0.0328730 2.7304003 
0.0264910 0.0320300 2.7291143 
0.0250130 0.0303400 2.7293433 
0.0258280 0.0280150 2.7291183 
0.0268870 0.0257720 2.7291763 
0.0250820 0.0210190 2.7297073 
0.0244960 0.0190590 2.7314478 
0.0239100 0.0170990 2.7331883 
0.0267740 0.0143040 2.7354983 
0.0289920 0.0105010 2.7384763 
0.0284650 0.0090940 2.7422063 
0.0291540 0.0064390 2.7463773 
0.0312360 0.0037090 2.7500373 
0.0318520 0.0013950 2.7523023 
0.0311910 0.0024330 2.7545953 
0.0309030 0.0039470 2.7551473 
0.0287220 0.0064150 2.7532633 
0.0266460 0.0094050 2.7514443 
0.0285040 0.0109040 2.7505093 
0.0321340 0.0123010 2.7475243 
0.0332600 0.0136080 2.7450143 
0.0330780 0.0142340 2.7435283 
0.0320680 0.0144310 2.7407873 
0.0318930 0.0149830 2.7377303 
0.0323370 0.0154030 2.7353623 
0.0328100 0.0155240 2.7330023 
0.0329590 0.0159480 2.7303073 
0.0330820 0.0162390 2.7279923 
0.0334700 0.0159880 2.7259333 
0.0340000 0.0159180 2.7234603 
0.0345180 0.0161150 2.7208193 
0.0349740 0.0162580 2.7186233 
0.0356750 0.0162770 2.7157703 
0.0360180 0.0160780 2.7130893 
0.0364070 0.0160510 2.7106723 
0.0370000 0.0162110 2.7079543 
0.0373940 0.0165130 2.7052453 
0.0375240 0.0164700 2.7025693 
0.0373190 0.0163980 2.7000223 
0.0371720 0.0166870 2.6973373 
0.0371910 0.0172450 2.6946873 
0.0374690 0.0174810 2.6920753 
0.0374720 0.0179260 2.6892433 
0.0372530 0.0182160 2.6867883 
0.0371920 0.0182680 2.6843483 
0.0370280 0.0184420 2.6815793 
0.0372610 0.0186290 2.6791563 
0.0374410 0.0189410 2.6767753 
0.0378750 0.0194650 2.6740253 
0.0381750 0.0200310 2.6717183 
0.0383500 0.0204590 2.6692893 
0.0384550 0.0203100 2.6668213 
0.0384140 0.0202360 2.6645353 
0.0381780 0.0198820 2.6619823 
0.0380850 0.0197260 2.6595113 
0.0380320 0.0197440 2.6566433 
0.0380820 0.0198670 2.6538193 
0.0382330 0.0199090 2.6509163 
0.0382460 0.0198210 2.6475833 
0.0384960 0.0197060 2.6444603 
0.0386260 0.0196740 2.6410133 
0.0387330 0.0195960 2.6371733 
0.0388750 0.0194380 2.6337263 
0.0393500 0.0195120 2.6295733 
0.0398230 0.0195380 2.6257053 
0.0402790 0.0192790 2.6218763 
0.0408650 0.0191510 2.6174643 
0.0415620 0.0186380 2.6133263 
0.0421230 0.0179000 2.6089493 
0.0425240 0.0172300 2.6052883 
0.0434900 0.0164320 2.6019853 
0.0441630 0.0154740 2.5988523 
0.0444320 0.0152360 2.5967863 
0.0440790 0.0153950 2.5950743 
0.0437340 0.0153060 2.5936043 
0.0436460 0.0148910 2.5925463 
0.0445920 0.0143340 2.5915283 
0.0455500 0.0140830 2.5907483 
0.0452940 0.0138120 2.5902813 
0.0442890 0.0136160 2.5903283 
0.0445180 0.0135380 2.5907413 
0.0444800 0.0132350 2.5913643 
0.0445670 0.0135370 2.5921763 
0.0446070 0.0140360 2.5931153 
0.0456590 0.0140450 2.5942223 
0.0473370 0.0140490 2.5958963 
0.0488290 0.0144220 2.5977133 
0.0500300 0.0150310 2.5992363 
0.0497360 0.0156070 2.5998443 
0.0485520 0.0147820 2.6001473 
0.0475370 0.0135410 2.5995503 
0.0469810 0.0137000 2.5975023 
0.0480330 0.0148040 2.5941153 
0.0485710 0.0152870 2.5898023 
0.0487270 0.0150600 2.5836043 
0.0487850 0.0154720 2.5777803 
0.0500600 0.0164830 2.5712273 
0.0519110 0.0175600 2.5633953 
0.0539440 0.0183590 2.5558773 
0.0553820 0.0189420 2.5485383 
0.0558910 0.0198570 2.5405353 
0.0554730 0.0216680 2.5343483 
0.0569190 0.0234750 2.5290643 
0.0596240 0.0246720 2.5251213 
0.0623500 0.0254770 2.5225853 
0.0636110 0.0257130 2.5212653 
0.0636160 0.0258190 2.5222033 
0.0637910 0.0257920 2.5251883 
0.0647330 0.0249530 2.5300823 
0.0654470 0.0238930 2.5366803 
0.0637180 0.0217030 2.5460373 
0.0621160 0.0191870 2.5548773 
0.0615560 0.0175950 2.5648493 
0.0641320 0.0162640 2.5774883 
0.0666690 0.0149180 2.5897633 
0.0673230 0.0130970 2.6026573 
0.0654590 0.0119490 2.6175693 
0.0647580 0.0111300 2.6317393 
0.0670860 0.0086980 2.6486093 
0.0714060 0.0054000 2.6639413 
0.0726550 0.0018160 2.6793503 
0.0705850 -0.0008130 2.6963243 
0.0665830 -0.0010290 2.7121793 
0.0634010 -0.0013180 2.7287133 
0.0613150 -0.0013240 2.7464613 
0.0596740 -0.0012270 2.7613553 
0.0577490 -0.0016210 2.7761303 
0.0558500 -0.0016170 2.7871753 
0.0534750 -0.0009110 2.7956803 
0.0515380 -0.0007360 2.8018523 
0.0504020 -0.0000940 2.8052173 
0.0496310 0.0010390 2.8076853 
0.0487150 0.0014530 2.8094123 
0.0481680 0.0007020 2.8094033 
0.0474380 0.0001670 2.8075123 
0.0461500 0.0007310 2.8048793 
0.0443960 0.0005230 2.8003643 
0.0431480 -0.0000970 2.7958793 
0.0418990 0.0000570 2.7924163 
0.0413020 0.0000180 2.7882863 
0.0397520 -0.0003740 2.7840893 
0.0389910 -0.0008100 2.7799203 
0.0392300 -0.0003680 2.7757473 
0.0383190 0.0000370 2.7713413 
0.0371640 0.0011380 2.7668943 
0.0351110 0.0023490 2.7628203 
0.0353020 0.0023790 2.7583943 
0.0348680 0.0032870 2.7547683 
0.0365580 0.0039020 2.7512373 
0.0389910 0.0039180 2.7476253 
0.0408420 0.0057710 2.7439733 
0.0412900 0.0073420 2.7406443 
0.0428350 0.0103060 2.7375093 
0.0452540 0.0118520 2.7351463 
0.0480910 0.0122840 2.7322233 
0.0495500 0.0131410 2.7299493 
0.0525800 0.0133720 2.7282863 
0.0559250 0.0119230 2.7276693 
0.0591580 0.0102360 2.7276053 
0.0606730 0.0111360 2.7280113 
0.0607090 0.0133880 2.7284123 
0.0627960 0.0154940 2.7288323 
0.0654440 0.0177690 2.7295063 
0.0634860 0.0180960 2.7299463 
0.0609280 0.0161510 2.7299193 
0.0604520 0.0131290 2.7305753 
0.0634340 0.0117610 2.7312563 
0.0673290 0.0095950 2.7322653 
0.0655420 0.0065810 2.7329563 
0.0591500 0.0062480 2.7323313 
0.0547390 0.0055880 2.7324763 
0.0555350 0.0059660 2.7324153 
0.0586720 0.0071400 2.7313303 
0.0594620 0.0070670 2.7288733 
0.0559440 0.0072220 2.7251923 
0.0522460 0.0086320 2.7204773 
0.0516550 0.0089560 2.7153083 
0.0522690 0.0089910 2.7088553 
0.0541330 0.0076730 2.7011883 
0.0550770 0.0072530 2.6949043 
0.0552780 0.0090300 2.6878503 
0.0547580 0.0102280 2.6813893 
0.0543760 0.0115930 2.6752063 
0.0545750 0.0127460 2.6683613 
0.0550340 0.0131500 2.6623063 
0.0557870 0.0142950 2.6562103 
0.0565090 0.0147350 2.6508663 
0.0560060 0.0146950 2.6456003 
0.0554630 0.0152610 2.6404743 
0.0556070 0.0153250 2.6365683 
0.0563190 0.0150290 2.6326933 
0.0562540 0.0153650 2.6300413 
0.0559820 0.0157750 2.6279273 
0.0557740 0.0161430 2.6262953 
0.0556580 0.0155460 2.6255953 
0.0550120 0.0146650 2.6254293 
0.0536290 0.0137770 2.6259743 
0.0538630 0.0127320 2.6271613 
0.0542880 0.0113860 2.6289903 
0.0548600 0.0106680 2.6311003 
0.0540720 0.0099530 2.6338263 
0.0535100 0.0093280 2.6376563 
0.0535110 0.0085110 2.6421043 
0.0540610 0.0080000 2.6468693 
0.0534320 0.0081900 2.6523733 
0.0525150 0.0080160 2.6573263 
0.0512750 0.0083680 2.6627013 
0.0509480 0.0081190 2.6675043 
0.0507670 0.0075080 2.6724353 
0.0509250 0.0081900 2.6775833 
0.0505610 0.0097520 2.6823213 
0.0507410 0.0113390 2.6872903 
0.0512940 0.0118020 2.6920323 
0.0521010 0.0118410 2.6966173 
0.0524880 0.0118000 2.7013463 
0.0520900 0.0117360 2.7055003 
0.0514280 0.0113800 2.7097643 
0.0512540 0.0112540 2.7143743 
0.0514440 0.0106680 2.7183853 
0.0511350 0.0100770 2.7227083 
0.0506130 0.0106450 2.7268233 
0.0503420 0.0106810 2.7308153 
0.0503680 0.0094530 2.7349313 
0.0501290 0.0084190 2.7382443 
0.0504680 0.0077260 2.7413793 
0.0502660 0.0069080 2.7437063 
0.0505230 0.0064540 2.7458193 
0.0511560 0.0058040 2.7478903 
0.0512340 0.0054100 2.7492163 
0.0503750 0.0053540 2.7500063 
0.0490860 0.0049250 2.7496623 
0.0485730 0.0046260 2.7483343 
0.0489110 0.0047200 2.7457483 
0.0493570 0.0048830 2.7426153 
0.0494270 0.0048570 2.7390653 
0.0491700 0.0044050 2.7349093 
0.0489740 0.0042590 2.7310433 
0.0492510 0.0038210 2.7270363 
0.0498930 0.0032180 2.7232843 
0.0500720 0.0030280 2.7195393 
0.0499000 0.0031430 2.7156723 
0.0505230 0.0033940 2.7122623 
0.0516690 0.0043080 2.7085273 
0.0523600 0.0049570 2.7051903 
0.0523050 0.0052820 2.7019843 
0.0517760 0.0055630 2.6986133 
0.0515480 0.0060340 2.6954153 
0.0515410 0.0064540 2.6922563 
0.0519030 0.0068870 2.6893513 
0.0523010 0.0074540 2.6865443 
0.0526600 0.0079590 2.6833083 
0.0524310 0.0083910 2.6807063 
0.0516830 0.0088730 2.6778983 
0.0508450 0.0092180 2.6754963 
0.0506620 0.0097610 2.6729743 
0.0513800 0.0103950 2.6705993 
0.0515470 0.0108940 2.6685233 
0.0509910 0.0112820 2.6666673 
0.0506960 0.0117050 2.6650223 
0.0513340 0.0120450 2.6637913 
0.0525420 0.0122200 2.6627553 
0.0531310 0.0122300 2.6622323 
0.0530380 0.0122370 2.6619883 
0.0530240 0.0121140 2.6616923 
0.0530900 0.0124280 2.6617363 
0.0534940 0.0129770 2.6617643 
0.0537570 0.0131210 2.6617493 
0.0540220 0.0134500 2.6619793 
0.0540410 0.0138120 2.6623503 
0.0536050 0.0138650 2.6623463 
0.0531150 0.0146440 2.6623953 
0.0531090 0.0157420 2.6629263 
0.0529490 0.0166340 2.6632323 
0.0519420 0.0173730 2.6632623 
0.0506790 0.0176400 2.6632633 
0.0501170 0.0176820 2.6632573 
0.0501720 0.0179570 2.6634403 
0.0498280 0.0181360 2.6637793 
0.0490310 0.0185100 2.6642753 
0.0484410 0.0184810 2.6645973 
0.0484110 0.0179840 2.6650173 
0.0480270 0.0181100 2.6649543 
0.0473180 0.0187610 2.6651013 
0.0472820 0.0191720 2.6649633 
0.0481460 0.0191610 2.6645923 
0.0499700 0.0190700 2.6635443 
0.0519040 0.0192810 2.6617653 
0.0530460 0.0197630 2.6594773 
0.0530720 0.0199860 2.6566983 
0.0524400 0.0200140 2.6540313 
0.0503610 0.0202210 2.6511263 
0.0489550 0.0198750 2.6487513 
0.0482800 0.0190640 2.6466023 
0.0484820 0.0185120 2.6440573 
0.0490990 0.0182950 2.6416343 
0.0504880 0.0184510 2.6394563 
0.0500620 0.0185350 2.6370693 
0.0464520 0.0179920 2.6351313 
0.0435130 0.0175330 2.6330863 
0.0420660 0.0176000 2.6313323 
0.0426970 0.0176350 2.6295863 
0.0436560 0.0179540 2.6285163 
0.0437470 0.0181250 2.6274193 
0.0417610 0.0188720 2.6258723 
0.0396170 0.0204870 2.6248803 
0.0379090 0.0217750 2.6241473 
0.0385290 0.0240010 2.6232153 
0.0421310 0.0256040 2.6232243 
0.0454480 0.0262680 2.6240433 
0.0455560 0.0260880 2.6249073 
0.0432660 0.0253270 2.6267973 
0.0403330 0.0242350 2.6290763 
0.0388050 0.0237310 2.6304483 
0.0387630 0.0241970 2.6325373 
0.0386170 0.0249790 2.6347923 
0.0385730 0.0250640 2.6355973 
0.0395610 0.0244020 2.6362613 
0.0404110 0.0247790 2.6353653 
0.0386160 0.0268250 2.6337703 
0.0391990 0.0274830 2.6332923 
0.0398360 0.0275790 2.6313413 
0.0413770 0.0275810 2.6295273 
0.0433860 0.0271290 2.6287683 
0.0445870 0.0270460 2.6274493 
0.0459380 0.0281720 2.6257993 
0.0469650 0.0291150 2.6256003 
0.0477280 0.0293060 2.6250263 
0.0469290 0.0296040 2.6241813 
0.0465840 0.0288390 2.6247003 
0.0462080 0.0265520 2.6247753 
0.0461910 0.0252830 2.6246353 
0.0462520 0.0259870 2.6250213 
0.0465300 0.0262170 2.6250853 
0.0465910 0.0258740 2.6251963 
0.0464730 0.0265330 2.6253523 
0.0464880 0.0266630 2.6252333 
0.0466170 0.0262090 2.6254203 
0.0465780 0.0265600 2.6255123 
0.0465400 0.0265800 2.6254763 
0.0466310 0.0263690 2.6255573 
0.0466600 0.0263710 2.6252553 
0.0466590 0.0264810 2.6252223 
0.0466600 0.0264110 2.6251863 
0.0466950 0.0263210 2.6251443 
0.0467630 0.0264220 2.6250453 
0.0467480 0.0264560 2.6246923 
0.0467960 0.0264480 2.6246118 
0.0468440 0.0264400 2.6245313 
0.0468630 0.0265700 2.6245053 
0.0468500 0.0264550 2.6242253 
0.0469110 0.0264410 2.6240733 
0.0469700 0.0265040 2.6239383 
0.0469780 0.0264620 2.6238323 
0.0469910 0.0264890 2.6236943 
0.0470060 0.0265070 2.6235613 
0.0470130 0.0265660 2.6233843 
0.0469870 0.0264390 2.6233083 
0.0469710 0.0265000 2.6231833 
0.0470320 0.0265460 2.6229423 
0.0469410 0.0264910 2.6228573 
0.0470260 0.0265600 2.6226913 
0.0471290 0.0265400 2.6226663 
0.0472150 0.0265070 2.6224333 
0.0472420 0.0265920 2.6222733 
0.0473020 0.0266280 2.6221573 
0.0473660 0.0267230 2.6219793 
0.0474990 0.0266710 2.6219013 
0.0474620 0.0267190 2.6218123 
0.0475700 0.0267570 2.6217453 
0.0476260 0.0267320 2.6216273 
0.0476900 0.0267970 2.6216103 
0.0476770 0.0267020 2.6215773 
0.0477710 0.0267900 2.6215533 
0.0478040 0.0267880 2.6215823 
0.0476370 0.0268480 2.6215843 
0.0477460 0.0268020 2.6216023 
0.0477720 0.0268070 2.6217163 
0.0477160 0.0268490 2.6216793 
0.0477130 0.0267950 2.6217293 
0.0477240 0.0268150 2.6216973 
0.0476940 0.0268040 2.6217773 
0.0477400 0.0268080 2.6217443 
0.0477360 0.0267880 2.6217363 
0.0477000 0.0267850 2.6217533 
0.0477440 0.0268500 2.6217733 
0.0477490 0.0267570 2.6217023 
0.0476820 0.0267710 2.6216803 
0.0476800 0.0267360 2.6216463 
0.0476140 0.0267300 2.6215563 
0.0476120 0.0268470 2.6214963 
0.0476930 0.0267570 2.6215293 
0.0475940 0.0266950 2.6214753 
0.0476680 0.0266610 2.6214713 
0.0476490 0.0266490 2.6213793 
0.0476850 0.0267530 2.6213763 
0.0476580 0.0267150 2.6213133 
0.0476830 0.0267760 2.6212243 
0.0476240 0.0266470 2.6211143 
0.0476130 0.0267490 2.6211233 
0.0475420 0.0267140 2.6211543 
0.0475160 0.0267670 2.6210133 
0.0474880 0.0267480 2.6209973 
0.0474720 0.0267180 2.6209773 
0.0474850 0.0267020 2.6209153 
0.0474880 0.0267160 2.6209213 
0.0474780 0.0267250 2.6209323 
0.0475040 0.0266900 2.6208723 
0.0474840 0.0267700 2.6208613 
0.0474580 0.0267740 2.6208053 
0.0475610 0.0267310 2.6208013 
0.0475420 0.0267320 2.6207443 
0.0475920 0.0267030 2.6206903 
0.0476070 0.0264030 2.6203893 
0.0475610 0.0253450 2.6201593 
0.0475030 0.0247210 2.6199943 
0.0475480 0.0244990 2.6195953 
0.0475040 0.0240240 2.6191813 
0.0471120 0.0237290 2.6187363 
0.0465570 0.0228360 2.6181023 
0.0458160 0.0201580 2.6176383 
0.0449920 0.0164760 2.6168833 
0.0420430 0.0127180 2.6164563 
0.0394740 0.0089970 2.6166113 
0.0386460 0.0054180 2.6166953 
0.0393660 0.0031680 2.6169693 
0.0383560 0.0021740 2.6176473 
0.0343800 0.0001670 2.6189243 
0.0302320 0.0000550 2.6214743 
0.0299520 0.0000050 2.6254713 
0.0331180 0.0005700 2.6284753 
0.0379280 0.0012860 2.6310883 
0.0434360 0.0028610 2.6355633 
0.0478340 0.0046140 2.6398723 
0.0511010 0.0059180 2.6436793 
0.0570150 0.0058070 2.6475533 
0.0581530 0.0086930 2.6509303 
0.0535450 0.0184220 2.6535133 
0.0464500 0.0248220 2.6568793 
0.0407060 0.0272490 2.6586343 
0.0361420 0.0281920 2.6601923 
0.0364060 0.0265680 2.6629133 
0.0382540 0.0224880 2.6645853 
0.0392130 0.0196030 2.6659113 
0.0393290 0.0184130 2.6690963 
0.0408860 0.0179900 2.6733513 
0.0422330 0.0174670 2.6766263 
0.0429110 0.0175170 2.6808903 
0.0423750 0.0174140 2.6853583 
0.0416350 0.0169040 2.6895613 
0.0441620 0.0141070 2.6950003 
0.0460400 0.0112360 2.6996383 
0.0458130 0.0088740 2.7046033 
0.0445360 0.0071510 2.7112573 
0.0453010 0.0060830 2.7179783 
0.0457990 0.0045290 2.7251603 
0.0478730 0.0024930 2.7320103 
0.0457250 0.0004770 2.7394823 
0.0446540 -0.0008880 2.7465163 
0.0441190 -0.0018430 2.7534303 
0.0457330 0.0009900 2.7628033 
0.0479590 0.0068970 2.7701523 
0.0487900 0.0139520 2.7751983 
0.0443890 0.0177270 2.7792893 
0.0383140 0.0197860 2.7806003 
0.0310770 0.0208260 2.7812923 
0.0291710 0.0205350 2.7806803 
0.0301320 0.0213730 2.7790353 
0.0337230 0.0213410 2.7760683 
0.0375880 0.0223750 2.7745493 
0.0412720 0.0230620 2.7729063 
0.0434940 0.0219640 2.7696253 
0.0438740 0.0175460 2.7670663 
0.0428910 0.0159920 2.7635193 
0.0406500 0.0181990 2.7597203 
0.0403590 0.0195770 2.7561923 
0.0450690 0.0262250 2.7522113 
0.0507190 0.0306710 2.7499633 
0.0537060 0.0299340 2.7472753 
0.0480970 0.0284910 2.7445213 
0.0425490 0.0289790 2.7426593 
0.0422020 0.0302590 2.7405633 
0.0454930 0.0302690 2.7386663 
0.0498540 0.0298100 2.7363613 
0.0501600 0.0279230 2.7356193 
0.0523190 0.0203880 2.7345063 
0.0521740 0.0160870 2.7318943 
0.0485990 0.0134520 2.7291693 
0.0481920 0.0027130 2.7269173 
0.0499240 -0.0044240 2.7249153 
0.0528420 -0.0090390 2.7220823 
0.0507290 -0.0137380 2.7193043 
0.0464400 -0.0143280 2.7168333 
0.0441340 -0.0106490 2.7147613 
0.0465540 -0.0057460 2.7130223 
0.0491570 0.0023780 2.7112253 
0.0520930 0.0053450 2.7090863 
0.0511140 0.0053440 2.7069003 
0.0494780 0.0046210 2.7040053 
0.0487950 0.0035200 2.7015643 
0.0489690 0.0038030 2.6991693 
0.0485320 0.0048490 2.6963523 
0.0473050 0.0056910 2.6936453 
0.0451700 0.0065810 2.6907433 
0.0445010 0.0078530 2.6882103 
0.0453100 0.0089870 2.6859983 
0.0460490 0.0094140 2.6839933 
0.0463790 0.0097400 2.6827443 
0.0458920 0.0112000 2.6821053 
0.0454990 0.0131180 2.6823003 
0.0461160 0.0140560 2.6832263 
0.0474470 0.0139190 2.6855743 
0.0483570 0.0138230 2.6888053 
0.0485650 0.0131210 2.6932863 
0.0485520 0.0116790 2.6976563 
0.0491980 0.0119780 2.7019083 
0.0504660 0.0135760 2.7065023 
0.0506180 0.0142770 2.7102223 
0.0512570 0.0149470 2.7134853 
0.0516460 0.0146610 2.7164953 
0.0522060 0.0134130 2.7184653 
0.0523130 0.0128410 2.7199613 
0.0537930 0.0124230 2.7202103 
0.0540300 0.0106300 2.7197993 
0.0498640 0.0073570 2.7193633 
0.0468590 0.0040380 2.7187073 
0.0471000 0.0027910 2.7181013 
0.0482040 0.0037890 2.7172613 
0.0475510 0.0074950 2.7162883 
0.0440550 0.0113350 2.7150123 
0.0413430 0.0112340 2.7138713 
0.0400450 0.0099850 2.7124983 
0.0399260 0.0103020 2.7110853 
0.0403010 0.0109990 2.7096003 
0.0404840 0.0097530 2.7078403 
0.0395340 0.0092680 2.7061923 
0.0386390 0.0094420 2.7043183 
0.0367690 0.0098040 2.7030393 
0.0362100 0.0103750 2.7016833 
0.0365510 0.0118350 2.7002763 
0.0377520 0.0129330 2.6988393 
0.0381860 0.0129220 2.6972833 
0.0379590 0.0125840 2.6956993 
0.0381420 0.0134040 2.6941333 
0.0386640 0.0143980 2.6927813 
0.0401670 0.0144260 2.6916173 
0.0417790 0.0143670 2.6908393 
0.0427930 0.0144530 2.6912573 
0.0434270 0.0150320 2.6921443 
0.0416620 0.0172550 2.6931063 
0.0408120 0.0187660 2.6941753 
0.0409570 0.0196260 2.6955233 
0.0434050 0.0192980 2.6964333 
0.0452130 0.0182900 2.6972223 
0.0462360 0.0163340 2.6981523 
0.0444980 0.0162460 2.6990613 
0.0435110 0.0163800 2.6999273 
0.0436000 0.0160790 2.7009623 
0.0446320 0.0172380 2.7019773 
0.0447670 0.0183910 2.7028843 
0.0442650 0.0156960 2.7031233 
0.0427100 0.0125460 2.7034503 
0.0416110 0.0122740 2.7043003 
0.0418810 0.0131540 2.7047703 
0.0424560 0.0126310 2.7049613 
0.0421350 0.0115790 2.7052833 
0.0414930 0.0122620 2.7058323 
0.0394530 0.0132270 2.7063533 
0.0384460 0.0124090 2.7063633 
0.0384200 0.0107750 2.7068253 
0.0408860 0.0103590 2.7073403 
0.0432120 0.0112310 2.7077943 
0.0436510 0.0120450 2.7081213 
0.0408510 0.0119900 2.7079343 
0.0369840 0.0116780 2.7074693 
0.0358070 0.0120070 2.7070793 
0.0381660 0.0119080 2.7066043 
0.0419520 0.0117140 2.7060693 
0.0445610 0.0118820 2.7051803 
0.0439710 0.0120260 2.7041393 
0.0408500 0.0119810 2.7032513 
0.0394440 0.0114570 2.7025953 
0.0396650 0.0117320 2.7019863 
0.0416610 0.0136090 2.7011693 
0.0427290 0.0154810 2.7010393 
0.0440000 0.0159860 2.7005733 
0.0453180 0.0151620 2.6998083 
0.0465000 0.0154740 2.6988073 
0.0475170 0.0175910 2.6981433 
0.0477830 0.0185840 2.6977353 
0.0458200 0.0183510 2.6973403 
0.0436400 0.0174140 2.6965803 
0.0432830 0.0161820 2.6958663 
0.0450610 0.0157870 2.6953393 
0.0472920 0.0161820 2.6949343 
0.0489910 0.0155540 2.6946933 
0.0487090 0.0157180 2.6934493 
0.0460410 0.0171720 2.6925083 
0.0440800 0.0190830 2.6914983 
0.0435050 0.0201490 2.6913163 
0.0454310 0.0199850 2.6906903 
0.0458880 0.0193600 2.6899493 
0.0460920 0.0186350 2.6891273 
0.0456390 0.0183970 2.6884783 
0.0453600 0.0183660 2.6878213 
0.0448480 0.0176850 2.6873093 
0.0442350 0.0160830 2.6867743 
0.0442220 0.0149530 2.6865663 
0.0444840 0.0152680 2.6868503 
0.0443360 0.0165850 2.6876943 
0.0438540 0.0162720 2.6888313 
0.0427970 0.0146800 2.6895763 
0.0416700 0.0131590 2.6903703 
0.0413370 0.0126980 2.6910373 
0.0414840 0.0138340 2.6915323 
0.0430690 0.0170050 2.6919573 
0.0443800 0.0185880 2.6923393 
0.0446800 0.0176220 2.6927403 
0.0440280 0.0159250 2.6929483 
0.0407430 0.0157710 2.6930873 
0.0386210 0.0166580 2.6935253 
0.0364340 0.0200490 2.6940583 
0.0368710 0.0216720 2.6941243 
0.0377490 0.0191930 2.6945563 
0.0383580 0.0163030 2.6943143 
0.0376240 0.0137500 2.6942953 
0.0373010 0.0122510 2.6946833 
0.0378300 0.0106160 2.6945413 
0.0389470 0.0103430 2.6940543 
0.0391220 0.0114610 2.6940773 
0.0395530 0.0126590 2.6943503 
0.0402680 0.0135990 2.6942103 
0.0410130 0.0140100 2.6940373 
0.0408430 0.0135050 2.6940473 
0.0395820 0.0123880 2.6937013 
0.0373350 0.0112420 2.6935013 
0.0360960 0.0113870 2.6936783 
0.0362860 0.0121900 2.6935463 
0.0367950 0.0122560 2.6932833 
0.0363900 0.0107440 2.6932473 
0.0354380 0.0087280 2.6932943 
0.0353340 0.0087240 2.6933183 
0.0353810 0.0103170 2.6929973 
0.0347250 0.0114640 2.6928023 
0.0336970 0.0120170 2.6930113 
0.0333780 0.0123820 2.6928773 
0.0334810 0.0122440 2.6926403 
0.0335200 0.0122680 2.6925903 
0.0326860 0.0127910 2.6924713 
0.0318680 0.0130300 2.6923623 
0.0317130 0.0131330 2.6923003 
0.0314490 0.0130900 2.6921823 
0.0310640 0.0130070 2.6920893 
0.0306140 0.0130990 2.6920163 
0.0303170 0.0130880 2.6919193 
0.0300630 0.0131480 2.6918113 
0.0297300 0.0131860 2.6918373 
0.0294530 0.0131340 2.6917253 
0.0292790 0.0130420 2.6916493 
0.0291520 0.0127450 2.6916313 
0.0291680 0.0123110 2.6916353 
0.0293680 0.0119230 2.6915853 
0.0293700 0.0118180 2.6914273 
0.0292350 0.0119080 2.6914403 
0.0290470 0.0120370 2.6914503 
0.0291250 0.0121830 2.6915213 
0.0294790 0.0122930 2.6914213 
0.0308320 0.0117950 2.6914223 
0.0320960 0.0115650 2.6915793 
0.0336590 0.0112780 2.6913253 
0.0336500 0.0107920 2.6912593 
0.0333000 0.0109100 2.6914693 
0.0318010 0.0118360 2.6912823 
0.0316290 0.0127970 2.6910433 
0.0322420 0.0137410 2.6912043 
0.0340380 0.0143020 2.6908353 
0.0351440 0.0138520 2.6903823 
0.0349840 0.0131000 2.6903333 
0.0342840 0.0126220 2.6901763 
0.0338320 0.0130230 2.6899733 
0.0345850 0.0143290 2.6896103 
0.0350630 0.0147420 2.6891353 
0.0344430 0.0148340 2.6887233 
0.0331080 0.0146770 2.6885073 
0.0330040 0.0140980 2.6880963 
0.0351590 0.0127020 2.6875583 
0.0367780 0.0116680 2.6869493 
0.0367340 0.0117250 2.6863363 
0.0341070 0.0123180 2.6857263 
0.0312780 0.0129390 2.6850423 
0.0292280 0.0136780 2.6843583 
0.0287840 0.0138440 2.6841653 
0.0290060 0.0136040 2.6834763 
0.0294140 0.0136340 2.6829683 
0.0295150 0.0135700 2.6828283 
0.0295080 0.0139600 2.6826853 
0.0293530 0.0131670 2.6827613 
0.0292530 0.0110160 2.6828013 
0.0293660 0.0093540 2.6826393 
0.0294630 0.0100400 2.6826383 
0.0296340 0.0105120 2.6826823 
0.0295590 0.0104640 2.6825683 
0.0293760 0.0109100 2.6825353 
0.0294540 0.0109500 2.6826333 
0.0294920 0.0105460 2.6826333 
0.0294730 0.0109500 2.6826653 
0.0294530 0.0109980 2.6826713 
0.0294960 0.0107390 2.6826183 
0.0294180 0.0109130 2.6825753 
0.0293010 0.0108730 2.6826213 
